7,16,48,63,7,8,18,2,5,14,47,62
7,16,48,63,7,6,19,23,14,25,52,57
51,48
3,17,45,62,7,8,18,2,5,14,47,62
3,17,45,62,7,6,19,23,14,25,52,57
51,48
18,21,52,51,7,8,18,2,5,14,47,62
18,21,52,51,7,6,19,23,14,25,52,57
51,48
7,14,40,65,7,8,18,2,5,14,47,62
7,14,40,65,7,6,19,23,14,25,52,57
51,48
15,28,57,62,7,8,18,2,5,14,47,62
15,28,57,62,7,6,19,23,14,25,52,57
51,48
7,19,42,60,7,8,18,2,5,14,47,62
7,19,42,60,7,6,19,23,14,25,52,57
51,48
2,19,45,62,7,8,18,2,5,14,47,62
2,19,45,62,7,6,19,23,14,25,52,57
51,48
18,26,48,59,7,8,18,2,5,14,47,62
18,26,48,59,7,6,19,23,14,25,52,57
51,48
11,25,55,60,7,8,18,2,5,14,47,62
11,25,55,60,7,6,19,23,14,25,52,57
51,48
7,19,42,60,7,8,18,2,5,14,47,62
7,19,42,60,7,6,19,23,14,25,52,57
51,48
15,24,57,59,7,8,18,2,5,14,47,62
15,24,57,59,7,6,19,23,14,25,52,57
51,48
11,29,48,52,7,8,18,2,5,14,47,62
11,29,48,52,7,6,19,23,14,25,52,57
51,48
9,12,45,64,7,8,18,2,5,14,47,62
9,12,45,64,7,6,19,23,14,25,52,57
51,48
9,18,43,62,7,8,18,2,5,14,47,62
9,18,43,62,7,6,19,23,14,25,52,57
51,48
4,14,48,62,7,8,18,2,5,14,47,62
4,14,48,62,7,6,19,23,14,25,52,57
51,48
4,12,40,61,7,8,18,2,5,14,47,62
4,12,40,61,7,6,19,23,14,25,52,57
51,48
11,22,49,64,7,8,18,2,5,14,47,62
11,22,49,64,7,6,19,23,14,25,52,57
51,48
8,14,52,63,7,8,18,2,5,14,47,62
8,14,52,63,7,6,19,23,14,25,52,57
51,48
19,25,49,62,7,8,18,2,5,14,47,62
19,25,49,62,7,6,19,23,14,25,52,57
51,48
15,21,46,58,7,8,18,2,5,14,47,62
15,21,46,58,7,6,19,23,14,25,52,57
51,48
7,15,40,60,7,8,18,2,5,14,47,62
7,15,40,60,7,6,19,23,14,25,52,57
51,48
4,10,52,61,7,8,18,2,5,14,47,62
4,10,52,61,7,6,19,23,14,25,52,57
51,48
7,17,40,64,7,8,18,2,5,14,47,62
7,17,40,64,7,6,19,23,14,25,52,57
51,48
14,23,53,59,7,8,18,2,5,14,47,62
14,23,53,59,7,6,19,23,14,25,52,57
51,48
5,13,53,61,7,8,18,2,5,14,47,62
5,13,53,61,7,6,19,23,14,25,52,57
51,48
12,28,55,59,7,8,18,2,5,14,47,62
12,28,55,59,7,6,19,23,14,25,52,57
51,48
7,12,53,61,7,8,18,2,5,14,47,62
7,12,53,61,7,6,19,23,14,25,52,57
51,48
16,22,56,56,7,8,18,2,5,14,47,62
16,22,56,56,7,6,19,23,14,25,52,57
51,48
17,25,50,50,7,8,18,2,5,14,47,62
17,25,50,50,7,6,19,23,14,25,52,57
51,48
15,24,54,51,7,8,18,2,5,14,47,62
15,24,54,51,7,6,19,23,14,25,52,57
51,48
19,28,58,51,7,8,18,2,5,14,47,62
19,28,58,51,7,6,19,23,14,25,52,57
51,48
5,12,47,64,7,8,18,2,5,14,47,62
5,12,47,64,7,6,19,23,14,25,52,57
51,48
4,13,52,60,7,8,18,2,5,14,47,62
4,13,52,60,7,6,19,23,14,25,52,57
51,48
8,11,43,64,7,8,18,2,5,14,47,62
8,11,43,64,7,6,19,23,14,25,52,57
51,48
15,26,45,59,7,8,18,2,5,14,47,62
15,26,45,59,7,6,19,23,14,25,52,57
51,48
4,10,43,64,7,8,18,2,5,14,47,62
4,10,43,64,7,6,19,23,14,25,52,57
51,48
11,21,54,59,7,8,18,2,5,14,47,62
11,21,54,59,7,6,19,23,14,25,52,57
51,48
19,22,46,54,7,8,18,2,5,14,47,62
19,22,46,54,7,6,19,23,14,25,52,57
51,48
19,24,54,59,7,8,18,2,5,14,47,62
19,24,54,59,7,6,19,23,14,25,52,57
51,48
3,15,40,60,7,8,18,2,5,14,47,62
3,15,40,60,7,6,19,23,14,25,52,57
51,48
13,28,53,54,7,8,18,2,5,14,47,62
13,28,53,54,7,6,19,23,14,25,52,57
51,48
17,29,48,56,7,8,18,2,5,14,47,62
17,29,48,56,7,6,19,23,14,25,52,57
51,48
15,21,56,62,7,8,18,2,5,14,47,62
15,21,56,62,7,6,19,23,14,25,52,57
51,48
13,26,48,61,7,8,18,2,5,14,47,62
13,26,48,61,7,6,19,23,14,25,52,57
51,48
18,22,53,63,7,8,18,2,5,14,47,62
18,22,53,63,7,6,19,23,14,25,52,57
51,48
1,14,45,64,7,8,18,2,5,14,47,62
1,14,45,64,7,6,19,23,14,25,52,57
51,48
6,15,44,61,7,8,18,2,5,14,47,62
6,15,44,61,7,6,19,23,14,25,52,57
51,48
5,11,49,63,7,8,18,2,5,14,47,62
5,11,49,63,7,6,19,23,14,25,52,57
51,48
7,15,40,65,7,8,18,2,5,14,47,62
7,15,40,65,7,6,19,23,14,25,52,57
51,48
12,23,46,59,7,8,18,2,5,14,47,62
12,23,46,59,7,6,19,23,14,25,52,57
51,48
15,23,51,53,7,8,18,2,5,14,47,62
15,23,51,53,7,6,19,23,14,25,52,57
51,48
11,26,48,59,7,8,18,2,5,14,47,62
11,26,48,59,7,6,19,23,14,25,52,57
51,48
2,12,45,62,7,8,18,2,5,14,47,62
2,12,45,62,7,6,19,23,14,25,52,57
51,48
19,25,54,60,7,8,18,2,5,14,47,62
19,25,54,60,7,6,19,23,14,25,52,57
51,48
15,26,46,56,7,8,18,2,5,14,47,62
15,26,46,56,7,6,19,23,14,25,52,57
51,48
15,25,49,51,7,8,18,2,5,14,47,62
15,25,49,51,7,6,19,23,14,25,52,57
51,48
19,29,52,61,7,8,18,2,5,14,47,62
19,29,52,61,7,6,19,23,14,25,52,57
51,48
9,12,50,62,7,8,18,2,5,14,47,62
9,12,50,62,7,6,19,23,14,25,52,57
51,48
5,13,52,64,7,8,18,2,5,14,47,62
5,13,52,64,7,6,19,23,14,25,52,57
51,48
13,23,46,64,7,8,18,2,5,14,47,62
13,23,46,64,7,6,19,23,14,25,52,57
51,48
1,19,49,60,7,8,18,2,5,14,47,62
1,19,49,60,7,6,19,23,14,25,52,57
51,48
8,18,48,61,7,8,18,2,5,14,47,62
8,18,48,61,7,6,19,23,14,25,52,57
51,48
12,22,54,54,7,8,18,2,5,14,47,62
12,22,54,54,7,6,19,23,14,25,52,57
51,48
8,17,48,65,7,8,18,2,5,14,47,62
8,17,48,65,7,6,19,23,14,25,52,57
51,48
14,28,57,60,7,8,18,2,5,14,47,62
14,28,57,60,7,6,19,23,14,25,52,57
51,48
6,12,44,65,7,8,18,2,5,14,47,62
6,12,44,65,7,6,19,23,14,25,52,57
51,48
13,25,53,57,7,8,18,2,5,14,47,62
13,25,53,57,7,6,19,23,14,25,52,57
51,48
6,16,50,61,7,8,18,2,5,14,47,62
6,16,50,61,7,6,19,23,14,25,52,57
51,48
17,25,53,55,7,8,18,2,5,14,47,62
17,25,53,55,7,6,19,23,14,25,52,57
51,48
13,25,55,54,7,8,18,2,5,14,47,62
13,25,55,54,7,6,19,23,14,25,52,57
51,48
4,11,51,64,7,8,18,2,5,14,47,62
4,11,51,64,7,6,19,23,14,25,52,57
51,48
4,12,49,60,7,8,18,2,5,14,47,62
4,12,49,60,7,6,19,23,14,25,52,57
51,48
9,10,52,62,7,8,18,2,5,14,47,62
9,10,52,62,7,6,19,23,14,25,52,57
51,48
4,13,52,65,7,8,18,2,5,14,47,62
4,13,52,65,7,6,19,23,14,25,52,57
51,48
5,17,53,65,7,8,18,2,5,14,47,62
5,17,53,65,7,6,19,23,14,25,52,57
51,48
3,18,41,64,7,8,18,2,5,14,47,62
3,18,41,64,7,6,19,23,14,25,52,57
51,48
5,15,52,62,7,8,18,2,5,14,47,62
5,15,52,62,7,6,19,23,14,25,52,57
51,48
11,29,46,56,7,8,18,2,5,14,47,62
11,29,46,56,7,6,19,23,14,25,52,57
51,48
13,28,52,55,7,8,18,2,5,14,47,62
13,28,52,55,7,6,19,23,14,25,52,57
51,48
18,29,52,60,7,8,18,2,5,14,47,62
18,29,52,60,7,6,19,23,14,25,52,57
51,48
13,29,56,60,7,8,18,2,5,14,47,62
13,29,56,60,7,6,19,23,14,25,52,57
51,48
8,19,43,62,7,8,18,2,5,14,47,62
8,19,43,62,7,6,19,23,14,25,52,57
51,48
17,22,59,65,7,8,18,2,5,14,47,62
17,22,59,65,7,6,19,23,14,25,52,57
51,48
1,10,42,65,7,8,18,2,5,14,47,62
1,10,42,65,7,6,19,23,14,25,52,57
51,48
17,26,51,58,7,8,18,2,5,14,47,62
17,26,51,58,7,6,19,23,14,25,52,57
51,48
19,28,54,52,7,8,18,2,5,14,47,62
19,28,54,52,7,6,19,23,14,25,52,57
51,48
2,12,50,61,7,8,18,2,5,14,47,62
2,12,50,61,7,6,19,23,14,25,52,57
51,48
1,11,43,63,7,8,18,2,5,14,47,62
1,11,43,63,7,6,19,23,14,25,52,57
51,48
17,27,56,60,7,8,18,2,5,14,47,62
17,27,56,60,7,6,19,23,14,25,52,57
51,48
12,22,49,62,7,8,18,2,5,14,47,62
12,22,49,62,7,6,19,23,14,25,52,57
51,48
8,17,41,62,7,8,18,2,5,14,47,62
8,17,41,62,7,6,19,23,14,25,52,57
51,48
9,18,47,63,7,8,18,2,5,14,47,62
9,18,47,63,7,6,19,23,14,25,52,57
51,48
4,16,43,63,7,8,18,2,5,14,47,62
4,16,43,63,7,6,19,23,14,25,52,57
51,48
6,17,44,63,7,8,18,2,5,14,47,62
6,17,44,63,7,6,19,23,14,25,52,57
51,48
7,11,43,64,7,8,18,2,5,14,47,62
7,11,43,64,7,6,19,23,14,25,52,57
51,48
18,28,45,60,7,8,18,2,5,14,47,62
18,28,45,60,7,6,19,23,14,25,52,57
51,48
17,29,56,52,7,8,18,2,5,14,47,62
17,29,56,52,7,6,19,23,14,25,52,57
51,48
12,28,52,57,7,8,18,2,5,14,47,62
12,28,52,57,7,6,19,23,14,25,52,57
51,48
13,26,51,50,7,8,18,2,5,14,47,62
13,26,51,50,7,6,19,23,14,25,52,57
51,48
7,16,50,65,7,8,18,2,5,14,47,62
7,16,50,65,7,6,19,23,14,25,52,57
51,48
9,13,51,64,7,8,18,2,5,14,47,62
9,13,51,64,7,6,19,23,14,25,52,57
51,48
13,22,53,50,7,8,18,2,5,14,47,62
13,22,53,50,7,6,19,23,14,25,52,57
51,48
8,16,50,61,7,8,18,2,5,14,47,62
8,16,50,61,7,6,19,23,14,25,52,57
51,48
2,19,44,62,7,8,18,2,5,14,47,62
2,19,44,62,7,6,19,23,14,25,52,57
51,48
9,10,54,60,7,8,18,2,5,14,47,62
9,10,54,60,7,6,19,23,14,25,52,57
51,48
2,19,53,62,7,8,18,2,5,14,47,62
2,19,53,62,7,6,19,23,14,25,52,57
51,48
16,22,58,58,7,8,18,2,5,14,47,62
16,22,58,58,7,6,19,23,14,25,52,57
51,48
19,26,48,52,7,8,18,2,5,14,47,62
19,26,48,52,7,6,19,23,14,25,52,57
51,48
5,10,52,60,7,8,18,2,5,14,47,62
5,10,52,60,7,6,19,23,14,25,52,57
51,48
11,21,57,63,7,8,18,2,5,14,47,62
11,21,57,63,7,6,19,23,14,25,52,57
51,48
13,27,47,61,7,8,18,2,5,14,47,62
13,27,47,61,7,6,19,23,14,25,52,57
51,48
7,17,52,62,7,8,18,2,5,14,47,62
7,17,52,62,7,6,19,23,14,25,52,57
51,48
14,22,58,63,7,8,18,2,5,14,47,62
14,22,58,63,7,6,19,23,14,25,52,57
51,48
4,10,52,62,7,8,18,2,5,14,47,62
4,10,52,62,7,6,19,23,14,25,52,57
51,48
8,14,45,60,7,8,18,2,5,14,47,62
8,14,45,60,7,6,19,23,14,25,52,57
51,48
4,10,43,62,7,8,18,2,5,14,47,62
4,10,43,62,7,6,19,23,14,25,52,57
51,48
13,29,48,65,7,8,18,2,5,14,47,62
13,29,48,65,7,6,19,23,14,25,52,57
51,48
5,12,40,61,7,8,18,2,5,14,47,62
5,12,40,61,7,6,19,23,14,25,52,57
51,48
5,19,47,64,7,8,18,2,5,14,47,62
5,19,47,64,7,6,19,23,14,25,52,57
51,48
11,28,55,59,7,8,18,2,5,14,47,62
11,28,55,59,7,6,19,23,14,25,52,57
51,48
11,25,47,64,7,8,18,2,5,14,47,62
11,25,47,64,7,6,19,23,14,25,52,57
51,48
15,25,49,55,7,8,18,2,5,14,47,62
15,25,49,55,7,6,19,23,14,25,52,57
51,48
19,21,54,53,7,8,18,2,5,14,47,62
19,21,54,53,7,6,19,23,14,25,52,57
51,48
4,15,41,60,7,8,18,2,5,14,47,62
4,15,41,60,7,6,19,23,14,25,52,57
51,48
17,23,56,61,7,8,18,2,5,14,47,62
17,23,56,61,7,6,19,23,14,25,52,57
51,48
13,22,53,65,7,8,18,2,5,14,47,62
13,22,53,65,7,6,19,23,14,25,52,57
51,48
7,19,51,62,7,8,18,2,5,14,47,62
7,19,51,62,7,6,19,23,14,25,52,57
51,48
7,15,42,62,7,8,18,2,5,14,47,62
7,15,42,62,7,6,19,23,14,25,52,57
51,48
6,11,44,63,7,8,18,2,5,14,47,62
6,11,44,63,7,6,19,23,14,25,52,57
51,48
15,28,51,64,7,8,18,2,5,14,47,62
15,28,51,64,7,6,19,23,14,25,52,57
51,48
2,18,52,65,7,8,18,2,5,14,47,62
2,18,52,65,7,6,19,23,14,25,52,57
51,48
1,13,40,61,7,8,18,2,5,14,47,62
1,13,40,61,7,6,19,23,14,25,52,57
51,48
3,13,53,64,7,8,18,2,5,14,47,62
3,13,53,64,7,6,19,23,14,25,52,57
51,48
12,26,55,52,7,8,18,2,5,14,47,62
12,26,55,52,7,6,19,23,14,25,52,57
51,48
11,26,47,56,7,8,18,2,5,14,47,62
11,26,47,56,7,6,19,23,14,25,52,57
51,48
4,10,47,60,7,8,18,2,5,14,47,62
4,10,47,60,7,6,19,23,14,25,52,57
51,48
11,28,54,64,7,8,18,2,5,14,47,62
11,28,54,64,7,6,19,23,14,25,52,57
51,48
15,24,55,63,7,8,18,2,5,14,47,62
15,24,55,63,7,6,19,23,14,25,52,57
51,48
1,13,46,60,7,8,18,2,5,14,47,62
1,13,46,60,7,6,19,23,14,25,52,57
51,48
8,16,42,64,7,8,18,2,5,14,47,62
8,16,42,64,7,6,19,23,14,25,52,57
51,48
11,23,56,57,7,8,18,2,5,14,47,62
11,23,56,57,7,6,19,23,14,25,52,57
51,48
3,19,53,60,7,8,18,2,5,14,47,62
3,19,53,60,7,6,19,23,14,25,52,57
51,48
15,27,46,62,7,8,18,2,5,14,47,62
15,27,46,62,7,6,19,23,14,25,52,57
51,48
19,21,54,56,7,8,18,2,5,14,47,62
19,21,54,56,7,6,19,23,14,25,52,57
51,48
6,12,50,61,7,8,18,2,5,14,47,62
6,12,50,61,7,6,19,23,14,25,52,57
51,48
13,25,59,65,7,8,18,2,5,14,47,62
13,25,59,65,7,6,19,23,14,25,52,57
51,48
12,22,51,55,7,8,18,2,5,14,47,62
12,22,51,55,7,6,19,23,14,25,52,57
51,48
13,29,57,51,7,8,18,2,5,14,47,62
13,29,57,51,7,6,19,23,14,25,52,57
51,48
8,11,41,64,7,8,18,2,5,14,47,62
8,11,41,64,7,6,19,23,14,25,52,57
51,48
2,19,44,61,7,8,18,2,5,14,47,62
2,19,44,61,7,6,19,23,14,25,52,57
51,48
14,22,53,59,7,8,18,2,5,14,47,62
14,22,53,59,7,6,19,23,14,25,52,57
51,48
16,21,46,61,7,8,18,2,5,14,47,62
16,21,46,61,7,6,19,23,14,25,52,57
51,48
15,24,52,51,7,8,18,2,5,14,47,62
15,24,52,51,7,6,19,23,14,25,52,57
51,48
6,19,48,64,7,8,18,2,5,14,47,62
6,19,48,64,7,6,19,23,14,25,52,57
51,48
19,27,53,58,7,8,18,2,5,14,47,62
19,27,53,58,7,6,19,23,14,25,52,57
51,48
15,22,58,53,7,8,18,2,5,14,47,62
15,22,58,53,7,6,19,23,14,25,52,57
51,48
6,19,49,64,7,8,18,2,5,14,47,62
6,19,49,64,7,6,19,23,14,25,52,57
51,48
14,21,53,57,7,8,18,2,5,14,47,62
14,21,53,57,7,6,19,23,14,25,52,57
51,48
8,18,51,61,7,8,18,2,5,14,47,62
8,18,51,61,7,6,19,23,14,25,52,57
51,48
9,18,46,65,7,8,18,2,5,14,47,62
9,18,46,65,7,6,19,23,14,25,52,57
51,48
13,22,46,53,7,8,18,2,5,14,47,62
13,22,46,53,7,6,19,23,14,25,52,57
51,48
14,24,53,57,7,8,18,2,5,14,47,62
14,24,53,57,7,6,19,23,14,25,52,57
51,48
12,26,45,58,7,8,18,2,5,14,47,62
12,26,45,58,7,6,19,23,14,25,52,57
51,48
16,23,52,54,7,8,18,2,5,14,47,62
16,23,52,54,7,6,19,23,14,25,52,57
51,48
17,25,55,57,7,8,18,2,5,14,47,62
17,25,55,57,7,6,19,23,14,25,52,57
51,48
5,15,41,65,7,8,18,2,5,14,47,62
5,15,41,65,7,6,19,23,14,25,52,57
51,48
2,16,41,62,7,8,18,2,5,14,47,62
2,16,41,62,7,6,19,23,14,25,52,57
51,48
17,21,54,64,7,8,18,2,5,14,47,62
17,21,54,64,7,6,19,23,14,25,52,57
51,48
18,27,48,55,7,8,18,2,5,14,47,62
18,27,48,55,7,6,19,23,14,25,52,57
51,48
4,12,45,65,7,8,18,2,5,14,47,62
4,12,45,65,7,6,19,23,14,25,52,57
51,48
13,24,54,61,7,8,18,2,5,14,47,62
13,24,54,61,7,6,19,23,14,25,52,57
51,48
7,19,47,63,7,8,18,2,5,14,47,62
7,19,47,63,7,6,19,23,14,25,52,57
51,48
3,19,42,65,7,8,18,2,5,14,47,62
3,19,42,65,7,6,19,23,14,25,52,57
51,48
1,11,42,64,7,8,18,2,5,14,47,62
1,11,42,64,7,6,19,23,14,25,52,57
51,48
5,17,46,62,7,8,18,2,5,14,47,62
5,17,46,62,7,6,19,23,14,25,52,57
51,48
3,10,40,61,7,8,18,2,5,14,47,62
3,10,40,61,7,6,19,23,14,25,52,57
51,48
7,11,45,63,7,8,18,2,5,14,47,62
7,11,45,63,7,6,19,23,14,25,52,57
51,48
16,21,45,50,7,8,18,2,5,14,47,62
16,21,45,50,7,6,19,23,14,25,52,57
51,48
5,14,46,60,7,8,18,2,5,14,47,62
5,14,46,60,7,6,19,23,14,25,52,57
51,48
5,16,54,64,7,8,18,2,5,14,47,62
5,16,54,64,7,6,19,23,14,25,52,57
51,48
18,24,56,62,7,8,18,2,5,14,47,62
18,24,56,62,7,6,19,23,14,25,52,57
51,48
8,15,43,60,7,8,18,2,5,14,47,62
8,15,43,60,7,6,19,23,14,25,52,57
51,48
13,22,55,53,7,8,18,2,5,14,47,62
13,22,55,53,7,6,19,23,14,25,52,57
51,48
17,29,52,53,7,8,18,2,5,14,47,62
17,29,52,53,7,6,19,23,14,25,52,57
51,48
19,22,48,56,7,8,18,2,5,14,47,62
19,22,48,56,7,6,19,23,14,25,52,57
51,48
9,19,43,60,7,8,18,2,5,14,47,62
9,19,43,60,7,6,19,23,14,25,52,57
51,48
9,17,42,60,7,8,18,2,5,14,47,62
9,17,42,60,7,6,19,23,14,25,52,57
51,48
13,21,54,56,7,8,18,2,5,14,47,62
13,21,54,56,7,6,19,23,14,25,52,57
51,48
3,12,43,61,7,8,18,2,5,14,47,62
3,12,43,61,7,6,19,23,14,25,52,57
51,48
11,28,58,52,7,8,18,2,5,14,47,62
11,28,58,52,7,6,19,23,14,25,52,57
51,48
12,29,48,62,7,8,18,2,5,14,47,62
12,29,48,62,7,6,19,23,14,25,52,57
51,48
16,27,58,56,7,8,18,2,5,14,47,62
16,27,58,56,7,6,19,23,14,25,52,57
51,48
6,11,42,62,7,8,18,2,5,14,47,62
6,11,42,62,7,6,19,23,14,25,52,57
51,48
15,28,55,62,7,8,18,2,5,14,47,62
15,28,55,62,7,6,19,23,14,25,52,57
51,48
2,14,50,60,7,8,18,2,5,14,47,62
2,14,50,60,7,6,19,23,14,25,52,57
51,48
5,11,46,64,7,8,18,2,5,14,47,62
5,11,46,64,7,6,19,23,14,25,52,57
51,48
1,16,53,63,7,8,18,2,5,14,47,62
1,16,53,63,7,6,19,23,14,25,52,57
51,48
19,25,50,55,7,8,18,2,5,14,47,62
19,25,50,55,7,6,19,23,14,25,52,57
51,48
11,23,54,65,7,8,18,2,5,14,47,62
11,23,54,65,7,6,19,23,14,25,52,57
51,48
9,11,44,63,7,8,18,2,5,14,47,62
9,11,44,63,7,6,19,23,14,25,52,57
51,48
14,29,55,53,7,8,18,2,5,14,47,62
14,29,55,53,7,6,19,23,14,25,52,57
51,48
7,12,41,60,7,8,18,2,5,14,47,62
7,12,41,60,7,6,19,23,14,25,52,57
51,48
12,26,53,55,7,8,18,2,5,14,47,62
12,26,53,55,7,6,19,23,14,25,52,57
51,48
13,25,51,59,7,8,18,2,5,14,47,62
13,25,51,59,7,6,19,23,14,25,52,57
51,48
11,27,52,61,7,8,18,2,5,14,47,62
11,27,52,61,7,6,19,23,14,25,52,57
51,48
15,29,54,55,7,8,18,2,5,14,47,62
15,29,54,55,7,6,19,23,14,25,52,57
51,48
14,24,58,56,7,8,18,2,5,14,47,62
14,24,58,56,7,6,19,23,14,25,52,57
51,48
14,25,47,51,7,8,18,2,5,14,47,62
14,25,47,51,7,6,19,23,14,25,52,57
51,48
13,23,51,57,7,8,18,2,5,14,47,62
13,23,51,57,7,6,19,23,14,25,52,57
51,48
14,26,45,63,7,8,18,2,5,14,47,62
14,26,45,63,7,6,19,23,14,25,52,57
51,48
17,24,53,62,7,8,18,2,5,14,47,62
17,24,53,62,7,6,19,23,14,25,52,57
51,48
19,29,51,53,7,8,18,2,5,14,47,62
19,29,51,53,7,6,19,23,14,25,52,57
51,48
5,11,53,60,7,8,18,2,5,14,47,62
5,11,53,60,7,6,19,23,14,25,52,57
51,48
7,17,48,60,7,8,18,2,5,14,47,62
7,17,48,60,7,6,19,23,14,25,52,57
51,48
12,23,47,65,7,8,18,2,5,14,47,62
12,23,47,65,7,6,19,23,14,25,52,57
51,48
13,25,46,56,7,8,18,2,5,14,47,62
13,25,46,56,7,6,19,23,14,25,52,57
51,48
13,22,48,56,7,8,18,2,5,14,47,62
13,22,48,56,7,6,19,23,14,25,52,57
51,48
18,22,58,56,7,8,18,2,5,14,47,62
18,22,58,56,7,6,19,23,14,25,52,57
51,48
15,26,51,63,7,8,18,2,5,14,47,62
15,26,51,63,7,6,19,23,14,25,52,57
51,48
16,25,49,62,7,8,18,2,5,14,47,62
16,25,49,62,7,6,19,23,14,25,52,57
51,48
2,15,41,62,7,8,18,2,5,14,47,62
2,15,41,62,7,6,19,23,14,25,52,57
51,48
1,16,51,65,7,8,18,2,5,14,47,62
1,16,51,65,7,6,19,23,14,25,52,57
51,48
19,26,55,51,7,8,18,2,5,14,47,62
19,26,55,51,7,6,19,23,14,25,52,57
51,48
7,18,54,62,7,8,18,2,5,14,47,62
7,18,54,62,7,6,19,23,14,25,52,57
51,48
3,15,49,61,7,8,18,2,5,14,47,62
3,15,49,61,7,6,19,23,14,25,52,57
51,48
16,26,45,54,7,8,18,2,5,14,47,62
16,26,45,54,7,6,19,23,14,25,52,57
51,48
11,29,47,60,7,8,18,2,5,14,47,62
11,29,47,60,7,6,19,23,14,25,52,57
51,48
5,17,48,60,7,8,18,2,5,14,47,62
5,17,48,60,7,6,19,23,14,25,52,57
51,48
2,10,54,65,7,8,18,2,5,14,47,62
2,10,54,65,7,6,19,23,14,25,52,57
51,48
18,22,46,60,7,8,18,2,5,14,47,62
18,22,46,60,7,6,19,23,14,25,52,57
51,48
19,21,50,63,7,8,18,2,5,14,47,62
19,21,50,63,7,6,19,23,14,25,52,57
51,48
14,25,52,50,7,8,18,2,5,14,47,62
14,25,52,50,7,6,19,23,14,25,52,57
51,48
19,26,59,51,7,8,18,2,5,14,47,62
19,26,59,51,7,6,19,23,14,25,52,57
51,48
8,18,45,62,7,8,18,2,5,14,47,62
8,18,45,62,7,6,19,23,14,25,52,57
51,48
11,21,52,64,7,8,18,2,5,14,47,62
11,21,52,64,7,6,19,23,14,25,52,57
51,48
12,28,45,64,7,8,18,2,5,14,47,62
12,28,45,64,7,6,19,23,14,25,52,57
51,48
16,24,50,65,7,8,18,2,5,14,47,62
16,24,50,65,7,6,19,23,14,25,52,57
51,48
4,17,50,63,7,8,18,2,5,14,47,62
4,17,50,63,7,6,19,23,14,25,52,57
51,48
14,21,51,61,7,8,18,2,5,14,47,62
14,21,51,61,7,6,19,23,14,25,52,57
51,48
6,14,40,64,7,8,18,2,5,14,47,62
6,14,40,64,7,6,19,23,14,25,52,57
51,48
5,19,54,63,7,8,18,2,5,14,47,62
5,19,54,63,7,6,19,23,14,25,52,57
51,48
18,23,49,60,7,8,18,2,5,14,47,62
18,23,49,60,7,6,19,23,14,25,52,57
51,48
16,21,52,50,7,8,18,2,5,14,47,62
16,21,52,50,7,6,19,23,14,25,52,57
51,48
8,18,49,64,7,8,18,2,5,14,47,62
8,18,49,64,7,6,19,23,14,25,52,57
51,48
8,15,44,64,7,8,18,2,5,14,47,62
8,15,44,64,7,6,19,23,14,25,52,57
51,48
7,19,53,62,7,8,18,2,5,14,47,62
7,19,53,62,7,6,19,23,14,25,52,57
51,48
3,13,54,63,7,8,18,2,5,14,47,62
3,13,54,63,7,6,19,23,14,25,52,57
51,48
3,19,40,60,7,8,18,2,5,14,47,62
3,19,40,60,7,6,19,23,14,25,52,57
51,48
11,28,56,55,7,8,18,2,5,14,47,62
11,28,56,55,7,6,19,23,14,25,52,57
51,48
17,24,48,50,7,8,18,2,5,14,47,62
17,24,48,50,7,6,19,23,14,25,52,57
51,48
6,11,52,63,7,8,18,2,5,14,47,62
6,11,52,63,7,6,19,23,14,25,52,57
51,48
15,25,46,54,7,8,18,2,5,14,47,62
15,25,46,54,7,6,19,23,14,25,52,57
51,48
9,11,44,63,7,8,18,2,5,14,47,62
9,11,44,63,7,6,19,23,14,25,52,57
51,48
15,25,51,53,7,8,18,2,5,14,47,62
15,25,51,53,7,6,19,23,14,25,52,57
51,48
14,27,50,61,7,8,18,2,5,14,47,62
14,27,50,61,7,6,19,23,14,25,52,57
51,48
19,21,49,58,7,8,18,2,5,14,47,62
19,21,49,58,7,6,19,23,14,25,52,57
51,48
9,19,50,62,7,8,18,2,5,14,47,62
9,19,50,62,7,6,19,23,14,25,52,57
51,48
1,15,51,62,7,8,18,2,5,14,47,62
1,15,51,62,7,6,19,23,14,25,52,57
51,48
14,23,51,51,7,8,18,2,5,14,47,62
14,23,51,51,7,6,19,23,14,25,52,57
51,48
9,13,53,64,7,8,18,2,5,14,47,62
9,13,53,64,7,6,19,23,14,25,52,57
51,48
1,11,41,64,7,8,18,2,5,14,47,62
1,11,41,64,7,6,19,23,14,25,52,57
51,48
1,15,49,61,7,8,18,2,5,14,47,62
1,15,49,61,7,6,19,23,14,25,52,57
51,48
8,12,50,63,7,8,18,2,5,14,47,62
8,12,50,63,7,6,19,23,14,25,52,57
51,48
19,21,47,50,7,8,18,2,5,14,47,62
19,21,47,50,7,6,19,23,14,25,52,57
51,48
19,21,56,64,7,8,18,2,5,14,47,62
19,21,56,64,7,6,19,23,14,25,52,57
51,48
14,27,54,55,7,8,18,2,5,14,47,62
14,27,54,55,7,6,19,23,14,25,52,57
51,48
8,18,44,63,7,8,18,2,5,14,47,62
8,18,44,63,7,6,19,23,14,25,52,57
51,48
16,29,53,52,7,8,18,2,5,14,47,62
16,29,53,52,7,6,19,23,14,25,52,57
51,48
17,27,51,52,7,8,18,2,5,14,47,62
17,27,51,52,7,6,19,23,14,25,52,57
51,48
8,13,53,61,7,8,18,2,5,14,47,62
8,13,53,61,7,6,19,23,14,25,52,57
51,48
2,18,41,63,7,8,18,2,5,14,47,62
2,18,41,63,7,6,19,23,14,25,52,57
51,48
3,17,44,61,7,8,18,2,5,14,47,62
3,17,44,61,7,6,19,23,14,25,52,57
51,48
18,22,45,52,7,8,18,2,5,14,47,62
18,22,45,52,7,6,19,23,14,25,52,57
51,48
11,22,56,51,7,8,18,2,5,14,47,62
11,22,56,51,7,6,19,23,14,25,52,57
51,48
7,16,46,61,7,8,18,2,5,14,47,62
7,16,46,61,7,6,19,23,14,25,52,57
51,48
14,28,45,51,7,8,18,2,5,14,47,62
14,28,45,51,7,6,19,23,14,25,52,57
51,48
2,18,48,60,7,8,18,2,5,14,47,62
2,18,48,60,7,6,19,23,14,25,52,57
51,48
1,15,50,60,7,8,18,2,5,14,47,62
1,15,50,60,7,6,19,23,14,25,52,57
51,48
16,23,46,52,7,8,18,2,5,14,47,62
16,23,46,52,7,6,19,23,14,25,52,57
51,48
16,25,45,53,7,8,18,2,5,14,47,62
16,25,45,53,7,6,19,23,14,25,52,57
51,48
13,24,48,56,7,8,18,2,5,14,47,62
13,24,48,56,7,6,19,23,14,25,52,57
51,48
17,29,45,61,7,8,18,2,5,14,47,62
17,29,45,61,7,6,19,23,14,25,52,57
51,48
13,29,57,65,7,8,18,2,5,14,47,62
13,29,57,65,7,6,19,23,14,25,52,57
51,48
5,18,42,64,7,8,18,2,5,14,47,62
5,18,42,64,7,6,19,23,14,25,52,57
51,48
7,17,54,65,7,8,18,2,5,14,47,62
7,17,54,65,7,6,19,23,14,25,52,57
51,48
12,28,47,52,7,8,18,2,5,14,47,62
12,28,47,52,7,6,19,23,14,25,52,57
51,48
8,10,41,65,7,8,18,2,5,14,47,62
8,10,41,65,7,6,19,23,14,25,52,57
51,48
17,22,57,55,7,8,18,2,5,14,47,62
17,22,57,55,7,6,19,23,14,25,52,57
51,48
4,11,45,63,7,8,18,2,5,14,47,62
4,11,45,63,7,6,19,23,14,25,52,57
51,48
9,14,50,64,7,8,18,2,5,14,47,62
9,14,50,64,7,6,19,23,14,25,52,57
51,48
8,10,46,63,7,8,18,2,5,14,47,62
8,10,46,63,7,6,19,23,14,25,52,57
51,48
14,25,50,53,7,8,18,2,5,14,47,62
14,25,50,53,7,6,19,23,14,25,52,57
51,48
17,27,47,58,7,8,18,2,5,14,47,62
17,27,47,58,7,6,19,23,14,25,52,57
51,48
17,21,48,51,7,8,18,2,5,14,47,62
17,21,48,51,7,6,19,23,14,25,52,57
51,48
5,11,42,60,7,8,18,2,5,14,47,62
5,11,42,60,7,6,19,23,14,25,52,57
51,48
19,24,57,65,7,8,18,2,5,14,47,62
19,24,57,65,7,6,19,23,14,25,52,57
51,48
16,28,53,52,7,8,18,2,5,14,47,62
16,28,53,52,7,6,19,23,14,25,52,57
51,48
14,29,47,51,7,8,18,2,5,14,47,62
14,29,47,51,7,6,19,23,14,25,52,57
51,48
9,10,50,62,7,8,18,2,5,14,47,62
9,10,50,62,7,6,19,23,14,25,52,57
51,48
4,13,46,61,7,8,18,2,5,14,47,62
4,13,46,61,7,6,19,23,14,25,52,57
51,48
17,27,51,50,7,8,18,2,5,14,47,62
17,27,51,50,7,6,19,23,14,25,52,57
51,48
8,19,47,65,7,8,18,2,5,14,47,62
8,19,47,65,7,6,19,23,14,25,52,57
51,48
9,14,44,62,7,8,18,2,5,14,47,62
9,14,44,62,7,6,19,23,14,25,52,57
51,48
7,19,44,63,7,8,18,2,5,14,47,62
7,19,44,63,7,6,19,23,14,25,52,57
51,48
17,24,50,58,7,8,18,2,5,14,47,62
17,24,50,58,7,6,19,23,14,25,52,57
51,48
7,13,44,65,7,8,18,2,5,14,47,62
7,13,44,65,7,6,19,23,14,25,52,57
51,48
4,16,46,61,7,8,18,2,5,14,47,62
4,16,46,61,7,6,19,23,14,25,52,57
51,48
2,18,44,64,7,8,18,2,5,14,47,62
2,18,44,64,7,6,19,23,14,25,52,57
51,48
13,28,50,63,7,8,18,2,5,14,47,62
13,28,50,63,7,6,19,23,14,25,52,57
51,48
14,29,51,60,7,8,18,2,5,14,47,62
14,29,51,60,7,6,19,23,14,25,52,57
51,48
16,27,56,56,7,8,18,2,5,14,47,62
16,27,56,56,7,6,19,23,14,25,52,57
51,48
14,22,59,55,7,8,18,2,5,14,47,62
14,22,59,55,7,6,19,23,14,25,52,57
51,48
2,16,43,65,7,8,18,2,5,14,47,62
2,16,43,65,7,6,19,23,14,25,52,57
51,48
4,19,50,62,7,8,18,2,5,14,47,62
4,19,50,62,7,6,19,23,14,25,52,57
51,48
19,28,55,55,7,8,18,2,5,14,47,62
19,28,55,55,7,6,19,23,14,25,52,57
51,48
4,14,43,65,7,8,18,2,5,14,47,62
4,14,43,65,7,6,19,23,14,25,52,57
51,48
16,26,49,52,7,8,18,2,5,14,47,62
16,26,49,52,7,6,19,23,14,25,52,57
51,48
8,11,49,61,7,8,18,2,5,14,47,62
8,11,49,61,7,6,19,23,14,25,52,57
51,48
18,27,54,51,7,8,18,2,5,14,47,62
18,27,54,51,7,6,19,23,14,25,52,57
51,48
1,14,40,65,7,8,18,2,5,14,47,62
1,14,40,65,7,6,19,23,14,25,52,57
51,48
5,15,45,65,7,8,18,2,5,14,47,62
5,15,45,65,7,6,19,23,14,25,52,57
51,48
2,12,51,65,7,8,18,2,5,14,47,62
2,12,51,65,7,6,19,23,14,25,52,57
51,48
7,18,40,65,7,8,18,2,5,14,47,62
7,18,40,65,7,6,19,23,14,25,52,57
51,48
19,29,49,59,7,8,18,2,5,14,47,62
19,29,49,59,7,6,19,23,14,25,52,57
51,48
2,18,51,65,7,8,18,2,5,14,47,62
2,18,51,65,7,6,19,23,14,25,52,57
51,48
18,29,48,59,7,8,18,2,5,14,47,62
18,29,48,59,7,6,19,23,14,25,52,57
51,48
1,10,49,62,7,8,18,2,5,14,47,62
1,10,49,62,7,6,19,23,14,25,52,57
51,48
8,15,51,61,7,8,18,2,5,14,47,62
8,15,51,61,7,6,19,23,14,25,52,57
51,48
15,28,59,59,7,8,18,2,5,14,47,62
15,28,59,59,7,6,19,23,14,25,52,57
51,48
17,29,50,65,7,8,18,2,5,14,47,62
17,29,50,65,7,6,19,23,14,25,52,57
51,48
17,27,52,60,7,8,18,2,5,14,47,62
17,27,52,60,7,6,19,23,14,25,52,57
51,48
11,23,56,58,7,8,18,2,5,14,47,62
11,23,56,58,7,6,19,23,14,25,52,57
51,48
4,15,51,62,7,8,18,2,5,14,47,62
4,15,51,62,7,6,19,23,14,25,52,57
51,48
11,29,56,65,7,8,18,2,5,14,47,62
11,29,56,65,7,6,19,23,14,25,52,57
51,48
17,27,57,63,7,8,18,2,5,14,47,62
17,27,57,63,7,6,19,23,14,25,52,57
51,48
11,23,51,50,7,8,18,2,5,14,47,62
11,23,51,50,7,6,19,23,14,25,52,57
51,48
3,15,53,64,7,8,18,2,5,14,47,62
3,15,53,64,7,6,19,23,14,25,52,57
51,48
13,27,54,60,7,8,18,2,5,14,47,62
13,27,54,60,7,6,19,23,14,25,52,57
51,48
2,18,44,60,7,8,18,2,5,14,47,62
2,18,44,60,7,6,19,23,14,25,52,57
51,48
9,12,47,61,7,8,18,2,5,14,47,62
9,12,47,61,7,6,19,23,14,25,52,57
51,48
1,18,44,62,7,8,18,2,5,14,47,62
1,18,44,62,7,6,19,23,14,25,52,57
51,48
3,16,41,65,7,8,18,2,5,14,47,62
3,16,41,65,7,6,19,23,14,25,52,57
51,48
16,21,52,54,7,8,18,2,5,14,47,62
16,21,52,54,7,6,19,23,14,25,52,57
51,48
5,19,54,61,7,8,18,2,5,14,47,62
5,19,54,61,7,6,19,23,14,25,52,57
51,48
11,26,46,64,7,8,18,2,5,14,47,62
11,26,46,64,7,6,19,23,14,25,52,57
51,48
11,21,54,56,7,8,18,2,5,14,47,62
11,21,54,56,7,6,19,23,14,25,52,57
51,48
15,28,51,54,7,8,18,2,5,14,47,62
15,28,51,54,7,6,19,23,14,25,52,57
51,48
19,27,53,64,7,8,18,2,5,14,47,62
19,27,53,64,7,6,19,23,14,25,52,57
51,48
14,26,47,63,7,8,18,2,5,14,47,62
14,26,47,63,7,6,19,23,14,25,52,57
51,48
6,13,42,65,7,8,18,2,5,14,47,62
6,13,42,65,7,6,19,23,14,25,52,57
51,48
17,25,49,62,7,8,18,2,5,14,47,62
17,25,49,62,7,6,19,23,14,25,52,57
51,48
17,28,51,64,7,8,18,2,5,14,47,62
17,28,51,64,7,6,19,23,14,25,52,57
51,48
18,21,55,60,7,8,18,2,5,14,47,62
18,21,55,60,7,6,19,23,14,25,52,57
51,48
17,21,51,63,7,8,18,2,5,14,47,62
17,21,51,63,7,6,19,23,14,25,52,57
51,48
15,29,54,54,7,8,18,2,5,14,47,62
15,29,54,54,7,6,19,23,14,25,52,57
51,48
8,14,53,64,7,8,18,2,5,14,47,62
8,14,53,64,7,6,19,23,14,25,52,57
51,48
16,28,52,58,7,8,18,2,5,14,47,62
16,28,52,58,7,6,19,23,14,25,52,57
51,48
8,17,42,65,7,8,18,2,5,14,47,62
8,17,42,65,7,6,19,23,14,25,52,57
51,48
9,13,49,60,7,8,18,2,5,14,47,62
9,13,49,60,7,6,19,23,14,25,52,57
51,48
18,28,46,64,7,8,18,2,5,14,47,62
18,28,46,64,7,6,19,23,14,25,52,57
51,48
12,23,49,60,7,8,18,2,5,14,47,62
12,23,49,60,7,6,19,23,14,25,52,57
51,48
15,26,59,53,7,8,18,2,5,14,47,62
15,26,59,53,7,6,19,23,14,25,52,57
51,48
7,16,53,64,7,8,18,2,5,14,47,62
7,16,53,64,7,6,19,23,14,25,52,57
51,48
4,16,54,62,7,8,18,2,5,14,47,62
4,16,54,62,7,6,19,23,14,25,52,57
51,48
6,19,41,62,7,8,18,2,5,14,47,62
6,19,41,62,7,6,19,23,14,25,52,57
51,48
11,25,48,52,7,8,18,2,5,14,47,62
11,25,48,52,7,6,19,23,14,25,52,57
51,48
19,23,51,58,7,8,18,2,5,14,47,62
19,23,51,58,7,6,19,23,14,25,52,57
51,48
3,16,52,61,7,8,18,2,5,14,47,62
3,16,52,61,7,6,19,23,14,25,52,57
51,48
19,24,58,56,7,8,18,2,5,14,47,62
19,24,58,56,7,6,19,23,14,25,52,57
51,48
1,16,43,61,7,8,18,2,5,14,47,62
1,16,43,61,7,6,19,23,14,25,52,57
51,48
4,12,52,63,7,8,18,2,5,14,47,62
4,12,52,63,7,6,19,23,14,25,52,57
51,48
9,11,46,63,7,8,18,2,5,14,47,62
9,11,46,63,7,6,19,23,14,25,52,57
51,48
1,17,54,65,7,8,18,2,5,14,47,62
1,17,54,65,7,6,19,23,14,25,52,57
51,48
11,22,57,56,7,8,18,2,5,14,47,62
11,22,57,56,7,6,19,23,14,25,52,57
51,48
11,27,54,51,7,8,18,2,5,14,47,62
11,27,54,51,7,6,19,23,14,25,52,57
51,48
17,29,53,54,7,8,18,2,5,14,47,62
17,29,53,54,7,6,19,23,14,25,52,57
51,48
3,15,46,61,7,8,18,2,5,14,47,62
3,15,46,61,7,6,19,23,14,25,52,57
51,48
8,16,43,60,7,8,18,2,5,14,47,62
8,16,43,60,7,6,19,23,14,25,52,57
51,48
8,17,53,65,7,8,18,2,5,14,47,62
8,17,53,65,7,6,19,23,14,25,52,57
51,48
3,15,40,61,7,8,18,2,5,14,47,62
3,15,40,61,7,6,19,23,14,25,52,57
51,48
13,22,53,55,7,8,18,2,5,14,47,62
13,22,53,55,7,6,19,23,14,25,52,57
51,48
12,25,58,57,7,8,18,2,5,14,47,62
12,25,58,57,7,6,19,23,14,25,52,57
51,48
4,11,54,64,7,8,18,2,5,14,47,62
4,11,54,64,7,6,19,23,14,25,52,57
51,48
18,21,57,60,7,8,18,2,5,14,47,62
18,21,57,60,7,6,19,23,14,25,52,57
51,48
9,10,49,61,7,8,18,2,5,14,47,62
9,10,49,61,7,6,19,23,14,25,52,57
51,48
12,27,52,52,7,8,18,2,5,14,47,62
12,27,52,52,7,6,19,23,14,25,52,57
51,48
18,22,50,52,7,8,18,2,5,14,47,62
18,22,50,52,7,6,19,23,14,25,52,57
51,48
15,22,54,56,7,8,18,2,5,14,47,62
15,22,54,56,7,6,19,23,14,25,52,57
51,48
12,26,56,53,7,8,18,2,5,14,47,62
12,26,56,53,7,6,19,23,14,25,52,57
51,48
13,25,50,60,7,8,18,2,5,14,47,62
13,25,50,60,7,6,19,23,14,25,52,57
51,48
19,25,46,51,7,8,18,2,5,14,47,62
19,25,46,51,7,6,19,23,14,25,52,57
51,48
4,10,40,65,7,8,18,2,5,14,47,62
4,10,40,65,7,6,19,23,14,25,52,57
51,48
11,22,55,55,7,8,18,2,5,14,47,62
11,22,55,55,7,6,19,23,14,25,52,57
51,48
16,22,54,54,7,8,18,2,5,14,47,62
16,22,54,54,7,6,19,23,14,25,52,57
51,48
1,10,48,63,7,8,18,2,5,14,47,62
1,10,48,63,7,6,19,23,14,25,52,57
51,48
11,23,45,65,7,8,18,2,5,14,47,62
11,23,45,65,7,6,19,23,14,25,52,57
51,48
5,13,43,65,7,8,18,2,5,14,47,62
5,13,43,65,7,6,19,23,14,25,52,57
51,48
18,25,59,53,7,8,18,2,5,14,47,62
18,25,59,53,7,6,19,23,14,25,52,57
51,48
15,21,49,54,7,8,18,2,5,14,47,62
15,21,49,54,7,6,19,23,14,25,52,57
51,48
13,25,58,53,7,8,18,2,5,14,47,62
13,25,58,53,7,6,19,23,14,25,52,57
51,48
12,21,51,62,7,8,18,2,5,14,47,62
12,21,51,62,7,6,19,23,14,25,52,57
51,48
13,22,48,60,7,8,18,2,5,14,47,62
13,22,48,60,7,6,19,23,14,25,52,57
51,48
3,13,52,64,7,8,18,2,5,14,47,62
3,13,52,64,7,6,19,23,14,25,52,57
51,48
8,13,50,65,7,8,18,2,5,14,47,62
8,13,50,65,7,6,19,23,14,25,52,57
51,48
14,21,56,64,7,8,18,2,5,14,47,62
14,21,56,64,7,6,19,23,14,25,52,57
51,48
8,13,47,62,7,8,18,2,5,14,47,62
8,13,47,62,7,6,19,23,14,25,52,57
51,48
11,29,46,55,7,8,18,2,5,14,47,62
11,29,46,55,7,6,19,23,14,25,52,57
51,48
2,16,40,63,7,8,18,2,5,14,47,62
2,16,40,63,7,6,19,23,14,25,52,57
51,48
7,19,46,64,7,8,18,2,5,14,47,62
7,19,46,64,7,6,19,23,14,25,52,57
51,48
9,19,40,61,7,8,18,2,5,14,47,62
9,19,40,61,7,6,19,23,14,25,52,57
51,48
13,23,55,65,7,8,18,2,5,14,47,62
13,23,55,65,7,6,19,23,14,25,52,57
51,48
16,24,46,62,7,8,18,2,5,14,47,62
16,24,46,62,7,6,19,23,14,25,52,57
51,48
6,19,52,65,7,8,18,2,5,14,47,62
6,19,52,65,7,6,19,23,14,25,52,57
51,48
18,23,52,51,7,8,18,2,5,14,47,62
18,23,52,51,7,6,19,23,14,25,52,57
51,48
5,10,41,63,7,8,18,2,5,14,47,62
5,10,41,63,7,6,19,23,14,25,52,57
51,48
3,14,47,64,7,8,18,2,5,14,47,62
3,14,47,64,7,6,19,23,14,25,52,57
51,48
18,25,46,54,7,8,18,2,5,14,47,62
18,25,46,54,7,6,19,23,14,25,52,57
51,48
4,18,42,64,7,8,18,2,5,14,47,62
4,18,42,64,7,6,19,23,14,25,52,57
51,48
5,17,50,63,7,8,18,2,5,14,47,62
5,17,50,63,7,6,19,23,14,25,52,57
51,48
17,28,46,64,7,8,18,2,5,14,47,62
17,28,46,64,7,6,19,23,14,25,52,57
51,48
18,21,59,57,7,8,18,2,5,14,47,62
18,21,59,57,7,6,19,23,14,25,52,57
51,48
12,22,53,51,7,8,18,2,5,14,47,62
12,22,53,51,7,6,19,23,14,25,52,57
51,48
1,17,41,61,7,8,18,2,5,14,47,62
1,17,41,61,7,6,19,23,14,25,52,57
51,48
12,25,57,51,7,8,18,2,5,14,47,62
12,25,57,51,7,6,19,23,14,25,52,57
51,48
9,12,46,64,7,8,18,2,5,14,47,62
9,12,46,64,7,6,19,23,14,25,52,57
51,48
3,14,54,61,7,8,18,2,5,14,47,62
3,14,54,61,7,6,19,23,14,25,52,57
51,48
4,12,50,61,7,8,18,2,5,14,47,62
4,12,50,61,7,6,19,23,14,25,52,57
51,48
17,23,53,57,7,8,18,2,5,14,47,62
17,23,53,57,7,6,19,23,14,25,52,57
51,48
11,21,54,62,7,8,18,2,5,14,47,62
11,21,54,62,7,6,19,23,14,25,52,57
51,48
8,15,46,62,7,8,18,2,5,14,47,62
8,15,46,62,7,6,19,23,14,25,52,57
51,48
6,16,48,63,7,8,18,2,5,14,47,62
6,16,48,63,7,6,19,23,14,25,52,57
51,48
11,28,51,60,7,8,18,2,5,14,47,62
11,28,51,60,7,6,19,23,14,25,52,57
51,48
6,10,52,61,7,8,18,2,5,14,47,62
6,10,52,61,7,6,19,23,14,25,52,57
51,48
7,16,54,65,7,8,18,2,5,14,47,62
7,16,54,65,7,6,19,23,14,25,52,57
51,48
9,11,41,61,7,8,18,2,5,14,47,62
9,11,41,61,7,6,19,23,14,25,52,57
51,48
18,26,50,61,7,8,18,2,5,14,47,62
18,26,50,61,7,6,19,23,14,25,52,57
51,48
12,26,55,57,7,8,18,2,5,14,47,62
12,26,55,57,7,6,19,23,14,25,52,57
51,48
5,14,42,65,7,8,18,2,5,14,47,62
5,14,42,65,7,6,19,23,14,25,52,57
51,48
19,23,56,61,7,8,18,2,5,14,47,62
19,23,56,61,7,6,19,23,14,25,52,57
51,48
7,16,43,64,7,8,18,2,5,14,47,62
7,16,43,64,7,6,19,23,14,25,52,57
51,48
9,13,52,60,7,8,18,2,5,14,47,62
9,13,52,60,7,6,19,23,14,25,52,57
51,48
17,27,58,62,7,8,18,2,5,14,47,62
17,27,58,62,7,6,19,23,14,25,52,57
51,48
4,12,54,63,7,8,18,2,5,14,47,62
4,12,54,63,7,6,19,23,14,25,52,57
51,48
15,24,53,63,7,8,18,2,5,14,47,62
15,24,53,63,7,6,19,23,14,25,52,57
51,48
14,27,45,65,7,8,18,2,5,14,47,62
14,27,45,65,7,6,19,23,14,25,52,57
51,48
9,13,47,62,7,8,18,2,5,14,47,62
9,13,47,62,7,6,19,23,14,25,52,57
51,48
19,21,48,55,7,8,18,2,5,14,47,62
19,21,48,55,7,6,19,23,14,25,52,57
51,48
9,11,47,63,7,8,18,2,5,14,47,62
9,11,47,63,7,6,19,23,14,25,52,57
51,48
7,11,48,63,7,8,18,2,5,14,47,62
7,11,48,63,7,6,19,23,14,25,52,57
51,48
14,29,57,52,7,8,18,2,5,14,47,62
14,29,57,52,7,6,19,23,14,25,52,57
51,48
15,24,52,53,7,8,18,2,5,14,47,62
15,24,52,53,7,6,19,23,14,25,52,57
51,48
3,12,50,64,7,8,18,2,5,14,47,62
3,12,50,64,7,6,19,23,14,25,52,57
51,48
1,12,47,64,7,8,18,2,5,14,47,62
1,12,47,64,7,6,19,23,14,25,52,57
51,48
15,26,59,56,7,8,18,2,5,14,47,62
15,26,59,56,7,6,19,23,14,25,52,57
51,48
8,11,41,62,7,8,18,2,5,14,47,62
8,11,41,62,7,6,19,23,14,25,52,57
51,48
18,25,52,64,7,8,18,2,5,14,47,62
18,25,52,64,7,6,19,23,14,25,52,57
51,48
8,12,49,61,7,8,18,2,5,14,47,62
8,12,49,61,7,6,19,23,14,25,52,57
51,48
7,14,52,62,7,8,18,2,5,14,47,62
7,14,52,62,7,6,19,23,14,25,52,57
51,48
18,26,57,64,7,8,18,2,5,14,47,62
18,26,57,64,7,6,19,23,14,25,52,57
51,48
12,29,47,55,7,8,18,2,5,14,47,62
12,29,47,55,7,6,19,23,14,25,52,57
51,48
19,27,47,61,7,8,18,2,5,14,47,62
19,27,47,61,7,6,19,23,14,25,52,57
51,48
8,14,41,64,7,8,18,2,5,14,47,62
8,14,41,64,7,6,19,23,14,25,52,57
51,48
7,18,54,65,7,8,18,2,5,14,47,62
7,18,54,65,7,6,19,23,14,25,52,57
51,48
2,17,47,60,7,8,18,2,5,14,47,62
2,17,47,60,7,6,19,23,14,25,52,57
51,48
17,22,56,62,7,8,18,2,5,14,47,62
17,22,56,62,7,6,19,23,14,25,52,57
51,48
5,12,51,61,7,8,18,2,5,14,47,62
5,12,51,61,7,6,19,23,14,25,52,57
51,48
4,12,47,60,7,8,18,2,5,14,47,62
4,12,47,60,7,6,19,23,14,25,52,57
51,48
2,16,44,62,7,8,18,2,5,14,47,62
2,16,44,62,7,6,19,23,14,25,52,57
51,48
1,14,46,64,7,8,18,2,5,14,47,62
1,14,46,64,7,6,19,23,14,25,52,57
51,48
14,29,47,54,7,8,18,2,5,14,47,62
14,29,47,54,7,6,19,23,14,25,52,57
51,48
5,18,44,65,7,8,18,2,5,14,47,62
5,18,44,65,7,6,19,23,14,25,52,57
51,48
8,11,45,63,7,8,18,2,5,14,47,62
8,11,45,63,7,6,19,23,14,25,52,57
51,48
15,28,47,55,7,8,18,2,5,14,47,62
15,28,47,55,7,6,19,23,14,25,52,57
51,48
4,11,50,64,7,8,18,2,5,14,47,62
4,11,50,64,7,6,19,23,14,25,52,57
51,48
5,11,48,60,7,8,18,2,5,14,47,62
5,11,48,60,7,6,19,23,14,25,52,57
51,48
4,14,45,64,7,8,18,2,5,14,47,62
4,14,45,64,7,6,19,23,14,25,52,57
51,48
2,12,50,61,7,8,18,2,5,14,47,62
2,12,50,61,7,6,19,23,14,25,52,57
51,48
14,26,50,58,7,8,18,2,5,14,47,62
14,26,50,58,7,6,19,23,14,25,52,57
51,48
6,18,51,62,7,8,18,2,5,14,47,62
6,18,51,62,7,6,19,23,14,25,52,57
51,48
8,15,43,64,7,8,18,2,5,14,47,62
8,15,43,64,7,6,19,23,14,25,52,57
51,48
3,12,50,65,7,8,18,2,5,14,47,62
3,12,50,65,7,6,19,23,14,25,52,57
51,48
7,15,41,65,7,8,18,2,5,14,47,62
7,15,41,65,7,6,19,23,14,25,52,57
51,48
9,14,54,61,7,8,18,2,5,14,47,62
9,14,54,61,7,6,19,23,14,25,52,57
51,48
3,10,46,61,7,8,18,2,5,14,47,62
3,10,46,61,7,6,19,23,14,25,52,57
51,48
4,18,50,64,7,8,18,2,5,14,47,62
4,18,50,64,7,6,19,23,14,25,52,57
51,48
15,26,50,52,7,8,18,2,5,14,47,62
15,26,50,52,7,6,19,23,14,25,52,57
51,48
4,17,49,64,7,8,18,2,5,14,47,62
4,17,49,64,7,6,19,23,14,25,52,57
51,48
15,28,56,50,7,8,18,2,5,14,47,62
15,28,56,50,7,6,19,23,14,25,52,57
51,48
5,12,49,65,7,8,18,2,5,14,47,62
5,12,49,65,7,6,19,23,14,25,52,57
51,48
11,24,54,52,7,8,18,2,5,14,47,62
11,24,54,52,7,6,19,23,14,25,52,57
51,48
13,23,54,57,7,8,18,2,5,14,47,62
13,23,54,57,7,6,19,23,14,25,52,57
51,48
17,26,45,55,7,8,18,2,5,14,47,62
17,26,45,55,7,6,19,23,14,25,52,57
51,48
1,15,47,64,7,8,18,2,5,14,47,62
1,15,47,64,7,6,19,23,14,25,52,57
51,48
13,21,49,56,7,8,18,2,5,14,47,62
13,21,49,56,7,6,19,23,14,25,52,57
51,48
15,25,46,64,7,8,18,2,5,14,47,62
15,25,46,64,7,6,19,23,14,25,52,57
51,48
15,25,46,51,7,8,18,2,5,14,47,62
15,25,46,51,7,6,19,23,14,25,52,57
51,48
12,25,54,57,7,8,18,2,5,14,47,62
12,25,54,57,7,6,19,23,14,25,52,57
51,48
6,10,40,62,7,8,18,2,5,14,47,62
6,10,40,62,7,6,19,23,14,25,52,57
51,48
1,11,47,63,7,8,18,2,5,14,47,62
1,11,47,63,7,6,19,23,14,25,52,57
51,48
11,26,46,63,7,8,18,2,5,14,47,62
11,26,46,63,7,6,19,23,14,25,52,57
51,48
12,27,53,65,7,8,18,2,5,14,47,62
12,27,53,65,7,6,19,23,14,25,52,57
51,48
14,26,48,50,7,8,18,2,5,14,47,62
14,26,48,50,7,6,19,23,14,25,52,57
51,48
8,15,42,64,7,8,18,2,5,14,47,62
8,15,42,64,7,6,19,23,14,25,52,57
51,48
3,11,43,65,7,8,18,2,5,14,47,62
3,11,43,65,7,6,19,23,14,25,52,57
51,48
17,27,58,60,7,8,18,2,5,14,47,62
17,27,58,60,7,6,19,23,14,25,52,57
51,48
8,15,40,60,7,8,18,2,5,14,47,62
8,15,40,60,7,6,19,23,14,25,52,57
51,48
15,27,55,51,7,8,18,2,5,14,47,62
15,27,55,51,7,6,19,23,14,25,52,57
51,48
9,15,42,65,7,8,18,2,5,14,47,62
9,15,42,65,7,6,19,23,14,25,52,57
51,48
7,19,52,60,7,8,18,2,5,14,47,62
7,19,52,60,7,6,19,23,14,25,52,57
51,48
13,26,55,62,7,8,18,2,5,14,47,62
13,26,55,62,7,6,19,23,14,25,52,57
51,48
12,23,54,59,7,8,18,2,5,14,47,62
12,23,54,59,7,6,19,23,14,25,52,57
51,48
4,16,42,64,7,8,18,2,5,14,47,62
4,16,42,64,7,6,19,23,14,25,52,57
51,48
19,25,53,59,7,8,18,2,5,14,47,62
19,25,53,59,7,6,19,23,14,25,52,57
51,48
12,28,59,63,7,8,18,2,5,14,47,62
12,28,59,63,7,6,19,23,14,25,52,57
51,48
17,29,52,55,7,8,18,2,5,14,47,62
17,29,52,55,7,6,19,23,14,25,52,57
51,48
16,21,48,56,7,8,18,2,5,14,47,62
16,21,48,56,7,6,19,23,14,25,52,57
51,48
5,15,45,64,7,8,18,2,5,14,47,62
5,15,45,64,7,6,19,23,14,25,52,57
51,48
16,21,51,64,7,8,18,2,5,14,47,62
16,21,51,64,7,6,19,23,14,25,52,57
51,48
2,18,42,65,7,8,18,2,5,14,47,62
2,18,42,65,7,6,19,23,14,25,52,57
51,48
7,13,44,63,7,8,18,2,5,14,47,62
7,13,44,63,7,6,19,23,14,25,52,57
51,48
3,17,47,64,7,8,18,2,5,14,47,62
3,17,47,64,7,6,19,23,14,25,52,57
51,48
4,11,46,63,7,8,18,2,5,14,47,62
4,11,46,63,7,6,19,23,14,25,52,57
51,48
2,14,41,65,7,8,18,2,5,14,47,62
2,14,41,65,7,6,19,23,14,25,52,57
51,48
8,14,45,65,7,8,18,2,5,14,47,62
8,14,45,65,7,6,19,23,14,25,52,57
51,48
6,19,51,61,7,8,18,2,5,14,47,62
6,19,51,61,7,6,19,23,14,25,52,57
51,48
6,10,46,62,7,8,18,2,5,14,47,62
6,10,46,62,7,6,19,23,14,25,52,57
51,48
8,13,44,63,7,8,18,2,5,14,47,62
8,13,44,63,7,6,19,23,14,25,52,57
51,48
3,11,51,64,7,8,18,2,5,14,47,62
3,11,51,64,7,6,19,23,14,25,52,57
51,48
16,28,49,58,7,8,18,2,5,14,47,62
16,28,49,58,7,6,19,23,14,25,52,57
51,48
7,18,48,65,7,8,18,2,5,14,47,62
7,18,48,65,7,6,19,23,14,25,52,57
51,48
1,10,49,65,7,8,18,2,5,14,47,62
1,10,49,65,7,6,19,23,14,25,52,57
51,48
7,19,44,65,7,8,18,2,5,14,47,62
7,19,44,65,7,6,19,23,14,25,52,57
51,48
11,23,58,58,7,8,18,2,5,14,47,62
11,23,58,58,7,6,19,23,14,25,52,57
51,48
3,17,44,60,7,8,18,2,5,14,47,62
3,17,44,60,7,6,19,23,14,25,52,57
51,48
12,25,45,51,7,8,18,2,5,14,47,62
12,25,45,51,7,6,19,23,14,25,52,57
51,48
14,26,56,64,7,8,18,2,5,14,47,62
14,26,56,64,7,6,19,23,14,25,52,57
51,48
7,19,52,62,7,8,18,2,5,14,47,62
7,19,52,62,7,6,19,23,14,25,52,57
51,48
19,27,54,59,7,8,18,2,5,14,47,62
19,27,54,59,7,6,19,23,14,25,52,57
51,48
13,29,56,50,7,8,18,2,5,14,47,62
13,29,56,50,7,6,19,23,14,25,52,57
51,48
16,29,50,50,7,8,18,2,5,14,47,62
16,29,50,50,7,6,19,23,14,25,52,57
51,48
16,22,50,63,7,8,18,2,5,14,47,62
16,22,50,63,7,6,19,23,14,25,52,57
51,48
4,17,54,62,7,8,18,2,5,14,47,62
4,17,54,62,7,6,19,23,14,25,52,57
51,48
11,27,57,58,7,8,18,2,5,14,47,62
11,27,57,58,7,6,19,23,14,25,52,57
51,48
4,15,49,64,7,8,18,2,5,14,47,62
4,15,49,64,7,6,19,23,14,25,52,57
51,48
3,12,46,65,7,8,18,2,5,14,47,62
3,12,46,65,7,6,19,23,14,25,52,57
51,48
1,16,40,63,7,8,18,2,5,14,47,62
1,16,40,63,7,6,19,23,14,25,52,57
51,48
13,27,58,55,7,8,18,2,5,14,47,62
13,27,58,55,7,6,19,23,14,25,52,57
51,48
4,18,44,63,7,8,18,2,5,14,47,62
4,18,44,63,7,6,19,23,14,25,52,57
51,48
9,12,41,61,7,8,18,2,5,14,47,62
9,12,41,61,7,6,19,23,14,25,52,57
51,48
9,18,50,61,7,8,18,2,5,14,47,62
9,18,50,61,7,6,19,23,14,25,52,57
51,48
4,17,53,61,7,8,18,2,5,14,47,62
4,17,53,61,7,6,19,23,14,25,52,57
51,48
19,24,47,59,7,8,18,2,5,14,47,62
19,24,47,59,7,6,19,23,14,25,52,57
51,48
9,19,41,60,7,8,18,2,5,14,47,62
9,19,41,60,7,6,19,23,14,25,52,57
51,48
6,18,51,64,7,8,18,2,5,14,47,62
6,18,51,64,7,6,19,23,14,25,52,57
51,48
17,21,46,50,7,8,18,2,5,14,47,62
17,21,46,50,7,6,19,23,14,25,52,57
51,48
8,11,48,61,7,8,18,2,5,14,47,62
8,11,48,61,7,6,19,23,14,25,52,57
51,48
5,17,40,61,7,8,18,2,5,14,47,62
5,17,40,61,7,6,19,23,14,25,52,57
51,48
3,17,46,63,7,8,18,2,5,14,47,62
3,17,46,63,7,6,19,23,14,25,52,57
51,48
5,10,53,64,7,8,18,2,5,14,47,62
5,10,53,64,7,6,19,23,14,25,52,57
51,48
7,19,52,61,7,8,18,2,5,14,47,62
7,19,52,61,7,6,19,23,14,25,52,57
51,48
7,11,45,60,7,8,18,2,5,14,47,62
7,11,45,60,7,6,19,23,14,25,52,57
51,48
15,26,57,64,7,8,18,2,5,14,47,62
15,26,57,64,7,6,19,23,14,25,52,57
51,48
9,13,40,64,7,8,18,2,5,14,47,62
9,13,40,64,7,6,19,23,14,25,52,57
51,48
17,28,54,60,7,8,18,2,5,14,47,62
17,28,54,60,7,6,19,23,14,25,52,57
51,48
19,25,47,63,7,8,18,2,5,14,47,62
19,25,47,63,7,6,19,23,14,25,52,57
51,48
15,29,57,54,7,8,18,2,5,14,47,62
15,29,57,54,7,6,19,23,14,25,52,57
51,48
6,10,54,61,7,8,18,2,5,14,47,62
6,10,54,61,7,6,19,23,14,25,52,57
51,48
16,29,50,56,7,8,18,2,5,14,47,62
16,29,50,56,7,6,19,23,14,25,52,57
51,48
15,26,47,57,7,8,18,2,5,14,47,62
15,26,47,57,7,6,19,23,14,25,52,57
51,48
19,29,47,51,7,8,18,2,5,14,47,62
19,29,47,51,7,6,19,23,14,25,52,57
51,48
9,12,47,60,7,8,18,2,5,14,47,62
9,12,47,60,7,6,19,23,14,25,52,57
51,48
4,19,48,61,7,8,18,2,5,14,47,62
4,19,48,61,7,6,19,23,14,25,52,57
51,48
8,13,54,65,7,8,18,2,5,14,47,62
8,13,54,65,7,6,19,23,14,25,52,57
51,48
18,25,51,61,7,8,18,2,5,14,47,62
18,25,51,61,7,6,19,23,14,25,52,57
51,48
12,22,51,57,7,8,18,2,5,14,47,62
12,22,51,57,7,6,19,23,14,25,52,57
51,48
18,24,49,60,7,8,18,2,5,14,47,62
18,24,49,60,7,6,19,23,14,25,52,57
51,48
13,23,57,54,7,8,18,2,5,14,47,62
13,23,57,54,7,6,19,23,14,25,52,57
51,48
15,25,57,63,7,8,18,2,5,14,47,62
15,25,57,63,7,6,19,23,14,25,52,57
51,48
14,29,56,58,7,8,18,2,5,14,47,62
14,29,56,58,7,6,19,23,14,25,52,57
51,48
16,22,54,60,7,8,18,2,5,14,47,62
16,22,54,60,7,6,19,23,14,25,52,57
51,48
19,26,48,63,7,8,18,2,5,14,47,62
19,26,48,63,7,6,19,23,14,25,52,57
51,48
17,25,59,50,7,8,18,2,5,14,47,62
17,25,59,50,7,6,19,23,14,25,52,57
51,48
11,24,53,61,7,8,18,2,5,14,47,62
11,24,53,61,7,6,19,23,14,25,52,57
51,48
14,23,52,60,7,8,18,2,5,14,47,62
14,23,52,60,7,6,19,23,14,25,52,57
51,48
9,13,42,64,7,8,18,2,5,14,47,62
9,13,42,64,7,6,19,23,14,25,52,57
51,48
12,27,55,57,7,8,18,2,5,14,47,62
12,27,55,57,7,6,19,23,14,25,52,57
51,48
17,28,48,65,7,8,18,2,5,14,47,62
17,28,48,65,7,6,19,23,14,25,52,57
51,48
13,23,55,61,7,8,18,2,5,14,47,62
13,23,55,61,7,6,19,23,14,25,52,57
51,48
17,22,59,53,7,8,18,2,5,14,47,62
17,22,59,53,7,6,19,23,14,25,52,57
51,48
17,21,54,60,7,8,18,2,5,14,47,62
17,21,54,60,7,6,19,23,14,25,52,57
51,48
9,18,41,61,7,8,18,2,5,14,47,62
9,18,41,61,7,6,19,23,14,25,52,57
51,48
4,15,52,62,7,8,18,2,5,14,47,62
4,15,52,62,7,6,19,23,14,25,52,57
51,48
3,13,40,64,7,8,18,2,5,14,47,62
3,13,40,64,7,6,19,23,14,25,52,57
51,48
2,17,40,63,7,8,18,2,5,14,47,62
2,17,40,63,7,6,19,23,14,25,52,57
51,48
11,27,52,56,7,8,18,2,5,14,47,62
11,27,52,56,7,6,19,23,14,25,52,57
51,48
11,22,54,51,7,8,18,2,5,14,47,62
11,22,54,51,7,6,19,23,14,25,52,57
51,48
2,12,48,65,7,8,18,2,5,14,47,62
2,12,48,65,7,6,19,23,14,25,52,57
51,48
11,22,45,61,7,8,18,2,5,14,47,62
11,22,45,61,7,6,19,23,14,25,52,57
51,48
19,22,54,54,7,8,18,2,5,14,47,62
19,22,54,54,7,6,19,23,14,25,52,57
51,48
12,27,57,55,7,8,18,2,5,14,47,62
12,27,57,55,7,6,19,23,14,25,52,57
51,48
14,29,51,62,7,8,18,2,5,14,47,62
14,29,51,62,7,6,19,23,14,25,52,57
51,48
16,21,45,59,7,8,18,2,5,14,47,62
16,21,45,59,7,6,19,23,14,25,52,57
51,48
4,17,53,61,7,8,18,2,5,14,47,62
4,17,53,61,7,6,19,23,14,25,52,57
51,48
1,17,50,65,7,8,18,2,5,14,47,62
1,17,50,65,7,6,19,23,14,25,52,57
51,48
14,26,55,52,7,8,18,2,5,14,47,62
14,26,55,52,7,6,19,23,14,25,52,57
51,48
4,13,54,63,7,8,18,2,5,14,47,62
4,13,54,63,7,6,19,23,14,25,52,57
51,48
17,21,46,54,7,8,18,2,5,14,47,62
17,21,46,54,7,6,19,23,14,25,52,57
51,48
17,25,55,60,7,8,18,2,5,14,47,62
17,25,55,60,7,6,19,23,14,25,52,57
51,48
18,27,45,54,7,8,18,2,5,14,47,62
18,27,45,54,7,6,19,23,14,25,52,57
51,48
11,22,57,58,7,8,18,2,5,14,47,62
11,22,57,58,7,6,19,23,14,25,52,57
51,48
2,10,43,62,7,8,18,2,5,14,47,62
2,10,43,62,7,6,19,23,14,25,52,57
51,48
11,29,56,57,7,8,18,2,5,14,47,62
11,29,56,57,7,6,19,23,14,25,52,57
51,48
9,19,40,64,7,8,18,2,5,14,47,62
9,19,40,64,7,6,19,23,14,25,52,57
51,48
3,19,52,61,7,8,18,2,5,14,47,62
3,19,52,61,7,6,19,23,14,25,52,57
51,48
12,25,56,53,7,8,18,2,5,14,47,62
12,25,56,53,7,6,19,23,14,25,52,57
51,48
11,27,46,54,7,8,18,2,5,14,47,62
11,27,46,54,7,6,19,23,14,25,52,57
51,48
15,22,46,51,7,8,18,2,5,14,47,62
15,22,46,51,7,6,19,23,14,25,52,57
51,48
12,27,57,58,7,8,18,2,5,14,47,62
12,27,57,58,7,6,19,23,14,25,52,57
51,48
4,19,41,63,7,8,18,2,5,14,47,62
4,19,41,63,7,6,19,23,14,25,52,57
51,48
8,13,51,62,7,8,18,2,5,14,47,62
8,13,51,62,7,6,19,23,14,25,52,57
51,48
1,16,53,64,7,8,18,2,5,14,47,62
1,16,53,64,7,6,19,23,14,25,52,57
51,48
2,11,52,65,7,8,18,2,5,14,47,62
2,11,52,65,7,6,19,23,14,25,52,57
51,48
14,22,45,62,7,8,18,2,5,14,47,62
14,22,45,62,7,6,19,23,14,25,52,57
51,48
8,18,45,64,7,8,18,2,5,14,47,62
8,18,45,64,7,6,19,23,14,25,52,57
51,48
16,24,47,51,7,8,18,2,5,14,47,62
16,24,47,51,7,6,19,23,14,25,52,57
51,48
3,14,44,63,7,8,18,2,5,14,47,62
3,14,44,63,7,6,19,23,14,25,52,57
51,48
12,25,56,51,7,8,18,2,5,14,47,62
12,25,56,51,7,6,19,23,14,25,52,57
51,48
5,12,46,65,7,8,18,2,5,14,47,62
5,12,46,65,7,6,19,23,14,25,52,57
51,48
7,14,54,61,7,8,18,2,5,14,47,62
7,14,54,61,7,6,19,23,14,25,52,57
51,48
17,23,56,50,7,8,18,2,5,14,47,62
17,23,56,50,7,6,19,23,14,25,52,57
51,48
7,12,51,62,7,8,18,2,5,14,47,62
7,12,51,62,7,6,19,23,14,25,52,57
51,48
1,13,50,61,7,8,18,2,5,14,47,62
1,13,50,61,7,6,19,23,14,25,52,57
51,48
6,19,40,63,7,8,18,2,5,14,47,62
6,19,40,63,7,6,19,23,14,25,52,57
51,48
6,10,49,64,7,8,18,2,5,14,47,62
6,10,49,64,7,6,19,23,14,25,52,57
51,48
13,28,53,53,7,8,18,2,5,14,47,62
13,28,53,53,7,6,19,23,14,25,52,57
51,48
14,24,57,51,7,8,18,2,5,14,47,62
14,24,57,51,7,6,19,23,14,25,52,57
51,48
16,27,57,64,7,8,18,2,5,14,47,62
16,27,57,64,7,6,19,23,14,25,52,57
51,48
5,10,47,64,7,8,18,2,5,14,47,62
5,10,47,64,7,6,19,23,14,25,52,57
51,48
6,11,43,60,7,8,18,2,5,14,47,62
6,11,43,60,7,6,19,23,14,25,52,57
51,48
3,18,41,65,7,8,18,2,5,14,47,62
3,18,41,65,7,6,19,23,14,25,52,57
51,48
15,28,51,55,7,8,18,2,5,14,47,62
15,28,51,55,7,6,19,23,14,25,52,57
51,48
14,22,57,61,7,8,18,2,5,14,47,62
14,22,57,61,7,6,19,23,14,25,52,57
51,48
4,12,53,64,7,8,18,2,5,14,47,62
4,12,53,64,7,6,19,23,14,25,52,57
51,48
8,17,43,62,7,8,18,2,5,14,47,62
8,17,43,62,7,6,19,23,14,25,52,57
51,48
12,28,54,53,7,8,18,2,5,14,47,62
12,28,54,53,7,6,19,23,14,25,52,57
51,48
4,11,43,65,7,8,18,2,5,14,47,62
4,11,43,65,7,6,19,23,14,25,52,57
51,48
2,18,45,60,7,8,18,2,5,14,47,62
2,18,45,60,7,6,19,23,14,25,52,57
51,48
2,14,43,60,7,8,18,2,5,14,47,62
2,14,43,60,7,6,19,23,14,25,52,57
51,48
6,10,48,62,7,8,18,2,5,14,47,62
6,10,48,62,7,6,19,23,14,25,52,57
51,48
19,21,53,59,7,8,18,2,5,14,47,62
19,21,53,59,7,6,19,23,14,25,52,57
51,48
14,29,59,52,7,8,18,2,5,14,47,62
14,29,59,52,7,6,19,23,14,25,52,57
51,48
16,24,54,51,7,8,18,2,5,14,47,62
16,24,54,51,7,6,19,23,14,25,52,57
51,48
13,24,52,51,7,8,18,2,5,14,47,62
13,24,52,51,7,6,19,23,14,25,52,57
51,48
4,11,52,62,7,8,18,2,5,14,47,62
4,11,52,62,7,6,19,23,14,25,52,57
51,48
17,22,49,62,7,8,18,2,5,14,47,62
17,22,49,62,7,6,19,23,14,25,52,57
51,48
1,10,50,60,7,8,18,2,5,14,47,62
1,10,50,60,7,6,19,23,14,25,52,57
51,48
16,22,46,63,7,8,18,2,5,14,47,62
16,22,46,63,7,6,19,23,14,25,52,57
51,48
4,18,40,60,7,8,18,2,5,14,47,62
4,18,40,60,7,6,19,23,14,25,52,57
51,48
19,23,57,57,7,8,18,2,5,14,47,62
19,23,57,57,7,6,19,23,14,25,52,57
51,48
6,15,48,60,7,8,18,2,5,14,47,62
6,15,48,60,7,6,19,23,14,25,52,57
51,48
13,28,57,65,7,8,18,2,5,14,47,62
13,28,57,65,7,6,19,23,14,25,52,57
51,48
6,17,48,63,7,8,18,2,5,14,47,62
6,17,48,63,7,6,19,23,14,25,52,57
51,48
17,21,49,60,7,8,18,2,5,14,47,62
17,21,49,60,7,6,19,23,14,25,52,57
51,48
17,25,57,51,7,8,18,2,5,14,47,62
17,25,57,51,7,6,19,23,14,25,52,57
51,48
5,12,52,62,7,8,18,2,5,14,47,62
5,12,52,62,7,6,19,23,14,25,52,57
51,48
17,28,59,64,7,8,18,2,5,14,47,62
17,28,59,64,7,6,19,23,14,25,52,57
51,48
1,10,47,64,7,8,18,2,5,14,47,62
1,10,47,64,7,6,19,23,14,25,52,57
51,48
16,25,50,55,7,8,18,2,5,14,47,62
16,25,50,55,7,6,19,23,14,25,52,57
51,48
9,13,48,60,7,8,18,2,5,14,47,62
9,13,48,60,7,6,19,23,14,25,52,57
51,48
5,11,45,64,7,8,18,2,5,14,47,62
5,11,45,64,7,6,19,23,14,25,52,57
51,48
15,24,59,56,7,8,18,2,5,14,47,62
15,24,59,56,7,6,19,23,14,25,52,57
51,48
13,26,54,64,7,8,18,2,5,14,47,62
13,26,54,64,7,6,19,23,14,25,52,57
51,48
9,18,40,61,7,8,18,2,5,14,47,62
9,18,40,61,7,6,19,23,14,25,52,57
51,48
15,28,57,60,7,8,18,2,5,14,47,62
15,28,57,60,7,6,19,23,14,25,52,57
51,48
12,25,49,62,7,8,18,2,5,14,47,62
12,25,49,62,7,6,19,23,14,25,52,57
51,48
11,23,49,55,7,8,18,2,5,14,47,62
11,23,49,55,7,6,19,23,14,25,52,57
51,48
7,13,43,64,7,8,18,2,5,14,47,62
7,13,43,64,7,6,19,23,14,25,52,57
51,48
18,29,46,51,7,8,18,2,5,14,47,62
18,29,46,51,7,6,19,23,14,25,52,57
51,48
18,28,46,50,7,8,18,2,5,14,47,62
18,28,46,50,7,6,19,23,14,25,52,57
51,48
3,12,41,60,7,8,18,2,5,14,47,62
3,12,41,60,7,6,19,23,14,25,52,57
51,48
15,23,49,50,7,8,18,2,5,14,47,62
15,23,49,50,7,6,19,23,14,25,52,57
51,48
19,22,55,63,7,8,18,2,5,14,47,62
19,22,55,63,7,6,19,23,14,25,52,57
51,48
14,21,51,56,7,8,18,2,5,14,47,62
14,21,51,56,7,6,19,23,14,25,52,57
51,48
6,10,47,65,7,8,18,2,5,14,47,62
6,10,47,65,7,6,19,23,14,25,52,57
51,48
7,13,42,61,7,8,18,2,5,14,47,62
7,13,42,61,7,6,19,23,14,25,52,57
51,48
9,18,49,64,7,8,18,2,5,14,47,62
9,18,49,64,7,6,19,23,14,25,52,57
51,48
9,10,47,62,7,8,18,2,5,14,47,62
9,10,47,62,7,6,19,23,14,25,52,57
51,48
15,29,48,58,7,8,18,2,5,14,47,62
15,29,48,58,7,6,19,23,14,25,52,57
51,48
19,27,53,58,7,8,18,2,5,14,47,62
19,27,53,58,7,6,19,23,14,25,52,57
51,48
17,25,56,63,7,8,18,2,5,14,47,62
17,25,56,63,7,6,19,23,14,25,52,57
51,48
18,29,49,59,7,8,18,2,5,14,47,62
18,29,49,59,7,6,19,23,14,25,52,57
51,48
6,18,52,60,7,8,18,2,5,14,47,62
6,18,52,60,7,6,19,23,14,25,52,57
51,48
7,10,51,60,7,8,18,2,5,14,47,62
7,10,51,60,7,6,19,23,14,25,52,57
51,48
9,18,48,62,7,8,18,2,5,14,47,62
9,18,48,62,7,6,19,23,14,25,52,57
51,48
8,14,44,63,7,8,18,2,5,14,47,62
8,14,44,63,7,6,19,23,14,25,52,57
51,48
2,17,50,60,7,8,18,2,5,14,47,62
2,17,50,60,7,6,19,23,14,25,52,57
51,48
9,14,40,65,7,8,18,2,5,14,47,62
9,14,40,65,7,6,19,23,14,25,52,57
51,48
19,29,48,61,7,8,18,2,5,14,47,62
19,29,48,61,7,6,19,23,14,25,52,57
51,48
8,19,52,65,7,8,18,2,5,14,47,62
8,19,52,65,7,6,19,23,14,25,52,57
51,48
5,11,40,62,7,8,18,2,5,14,47,62
5,11,40,62,7,6,19,23,14,25,52,57
51,48
4,11,54,63,7,8,18,2,5,14,47,62
4,11,54,63,7,6,19,23,14,25,52,57
51,48
8,19,54,65,7,8,18,2,5,14,47,62
8,19,54,65,7,6,19,23,14,25,52,57
51,48
17,24,56,52,7,8,18,2,5,14,47,62
17,24,56,52,7,6,19,23,14,25,52,57
51,48
2,17,54,60,7,8,18,2,5,14,47,62
2,17,54,60,7,6,19,23,14,25,52,57
51,48
16,25,59,51,7,8,18,2,5,14,47,62
16,25,59,51,7,6,19,23,14,25,52,57
51,48
19,29,57,63,7,8,18,2,5,14,47,62
19,29,57,63,7,6,19,23,14,25,52,57
51,48
17,22,52,57,7,8,18,2,5,14,47,62
17,22,52,57,7,6,19,23,14,25,52,57
51,48
7,15,42,60,7,8,18,2,5,14,47,62
7,15,42,60,7,6,19,23,14,25,52,57
51,48
13,28,47,59,7,8,18,2,5,14,47,62
13,28,47,59,7,6,19,23,14,25,52,57
51,48
12,21,51,58,7,8,18,2,5,14,47,62
12,21,51,58,7,6,19,23,14,25,52,57
51,48
13,27,49,57,7,8,18,2,5,14,47,62
13,27,49,57,7,6,19,23,14,25,52,57
51,48
14,25,55,65,7,8,18,2,5,14,47,62
14,25,55,65,7,6,19,23,14,25,52,57
51,48
16,21,55,52,7,8,18,2,5,14,47,62
16,21,55,52,7,6,19,23,14,25,52,57
51,48
2,13,42,64,7,8,18,2,5,14,47,62
2,13,42,64,7,6,19,23,14,25,52,57
51,48
11,21,51,50,7,8,18,2,5,14,47,62
11,21,51,50,7,6,19,23,14,25,52,57
51,48
12,28,56,51,7,8,18,2,5,14,47,62
12,28,56,51,7,6,19,23,14,25,52,57
51,48
7,19,44,61,7,8,18,2,5,14,47,62
7,19,44,61,7,6,19,23,14,25,52,57
51,48
16,21,59,56,7,8,18,2,5,14,47,62
16,21,59,56,7,6,19,23,14,25,52,57
51,48
14,21,53,62,7,8,18,2,5,14,47,62
14,21,53,62,7,6,19,23,14,25,52,57
51,48
11,27,59,60,7,8,18,2,5,14,47,62
11,27,59,60,7,6,19,23,14,25,52,57
51,48
12,28,59,61,7,8,18,2,5,14,47,62
12,28,59,61,7,6,19,23,14,25,52,57
51,48
17,24,53,56,7,8,18,2,5,14,47,62
17,24,53,56,7,6,19,23,14,25,52,57
51,48
14,25,59,62,7,8,18,2,5,14,47,62
14,25,59,62,7,6,19,23,14,25,52,57
51,48
7,10,47,64,7,8,18,2,5,14,47,62
7,10,47,64,7,6,19,23,14,25,52,57
51,48
7,17,40,61,7,8,18,2,5,14,47,62
7,17,40,61,7,6,19,23,14,25,52,57
51,48
5,11,41,63,7,8,18,2,5,14,47,62
5,11,41,63,7,6,19,23,14,25,52,57
51,48
3,17,40,61,7,8,18,2,5,14,47,62
3,17,40,61,7,6,19,23,14,25,52,57
51,48
17,28,46,64,7,8,18,2,5,14,47,62
17,28,46,64,7,6,19,23,14,25,52,57
51,48
2,14,51,63,7,8,18,2,5,14,47,62
2,14,51,63,7,6,19,23,14,25,52,57
51,48
17,27,52,58,7,8,18,2,5,14,47,62
17,27,52,58,7,6,19,23,14,25,52,57
51,48
19,24,48,63,7,8,18,2,5,14,47,62
19,24,48,63,7,6,19,23,14,25,52,57
51,48
13,22,57,55,7,8,18,2,5,14,47,62
13,22,57,55,7,6,19,23,14,25,52,57
51,48
17,28,45,57,7,8,18,2,5,14,47,62
17,28,45,57,7,6,19,23,14,25,52,57
51,48
17,23,54,55,7,8,18,2,5,14,47,62
17,23,54,55,7,6,19,23,14,25,52,57
51,48
16,28,47,63,7,8,18,2,5,14,47,62
16,28,47,63,7,6,19,23,14,25,52,57
51,48
2,13,46,65,7,8,18,2,5,14,47,62
2,13,46,65,7,6,19,23,14,25,52,57
51,48
16,22,53,52,7,8,18,2,5,14,47,62
16,22,53,52,7,6,19,23,14,25,52,57
51,48
9,14,49,63,7,8,18,2,5,14,47,62
9,14,49,63,7,6,19,23,14,25,52,57
51,48
16,23,45,51,7,8,18,2,5,14,47,62
16,23,45,51,7,6,19,23,14,25,52,57
51,48
4,17,45,63,7,8,18,2,5,14,47,62
4,17,45,63,7,6,19,23,14,25,52,57
51,48
4,12,51,65,7,8,18,2,5,14,47,62
4,12,51,65,7,6,19,23,14,25,52,57
51,48
9,18,52,61,7,8,18,2,5,14,47,62
9,18,52,61,7,6,19,23,14,25,52,57
51,48
4,13,43,60,7,8,18,2,5,14,47,62
4,13,43,60,7,6,19,23,14,25,52,57
51,48
15,22,48,51,7,8,18,2,5,14,47,62
15,22,48,51,7,6,19,23,14,25,52,57
51,48
17,29,53,51,7,8,18,2,5,14,47,62
17,29,53,51,7,6,19,23,14,25,52,57
51,48
8,15,41,65,7,8,18,2,5,14,47,62
8,15,41,65,7,6,19,23,14,25,52,57
51,48
17,28,48,64,7,8,18,2,5,14,47,62
17,28,48,64,7,6,19,23,14,25,52,57
51,48
3,15,47,63,7,8,18,2,5,14,47,62
3,15,47,63,7,6,19,23,14,25,52,57
51,48
2,15,48,63,7,8,18,2,5,14,47,62
2,15,48,63,7,6,19,23,14,25,52,57
51,48
12,27,47,57,7,8,18,2,5,14,47,62
12,27,47,57,7,6,19,23,14,25,52,57
51,48
17,25,54,62,7,8,18,2,5,14,47,62
17,25,54,62,7,6,19,23,14,25,52,57
51,48
15,27,59,59,7,8,18,2,5,14,47,62
15,27,59,59,7,6,19,23,14,25,52,57
51,48
11,22,53,52,7,8,18,2,5,14,47,62
11,22,53,52,7,6,19,23,14,25,52,57
51,48
5,14,42,61,7,8,18,2,5,14,47,62
5,14,42,61,7,6,19,23,14,25,52,57
51,48
9,16,45,65,7,8,18,2,5,14,47,62
9,16,45,65,7,6,19,23,14,25,52,57
51,48
14,22,54,57,7,8,18,2,5,14,47,62
14,22,54,57,7,6,19,23,14,25,52,57
51,48
9,16,42,60,7,8,18,2,5,14,47,62
9,16,42,60,7,6,19,23,14,25,52,57
51,48
7,15,43,62,7,8,18,2,5,14,47,62
7,15,43,62,7,6,19,23,14,25,52,57
51,48
15,24,45,62,7,8,18,2,5,14,47,62
15,24,45,62,7,6,19,23,14,25,52,57
51,48
18,28,50,57,7,8,18,2,5,14,47,62
18,28,50,57,7,6,19,23,14,25,52,57
51,48
8,18,50,65,7,8,18,2,5,14,47,62
8,18,50,65,7,6,19,23,14,25,52,57
51,48
2,14,40,63,7,8,18,2,5,14,47,62
2,14,40,63,7,6,19,23,14,25,52,57
51,48
8,13,54,63,7,8,18,2,5,14,47,62
8,13,54,63,7,6,19,23,14,25,52,57
51,48
4,10,51,65,7,8,18,2,5,14,47,62
4,10,51,65,7,6,19,23,14,25,52,57
51,48
3,10,48,65,7,8,18,2,5,14,47,62
3,10,48,65,7,6,19,23,14,25,52,57
51,48
8,10,52,63,7,8,18,2,5,14,47,62
8,10,52,63,7,6,19,23,14,25,52,57
51,48
9,19,53,61,7,8,18,2,5,14,47,62
9,19,53,61,7,6,19,23,14,25,52,57
51,48
3,11,42,60,7,8,18,2,5,14,47,62
3,11,42,60,7,6,19,23,14,25,52,57
51,48
9,19,41,64,7,8,18,2,5,14,47,62
9,19,41,64,7,6,19,23,14,25,52,57
51,48
6,13,47,61,7,8,18,2,5,14,47,62
6,13,47,61,7,6,19,23,14,25,52,57
51,48
19,27,49,56,7,8,18,2,5,14,47,62
19,27,49,56,7,6,19,23,14,25,52,57
51,48
12,26,45,55,7,8,18,2,5,14,47,62
12,26,45,55,7,6,19,23,14,25,52,57
51,48
4,17,51,62,7,8,18,2,5,14,47,62
4,17,51,62,7,6,19,23,14,25,52,57
51,48
3,10,46,65,7,8,18,2,5,14,47,62
3,10,46,65,7,6,19,23,14,25,52,57
51,48
18,28,52,65,7,8,18,2,5,14,47,62
18,28,52,65,7,6,19,23,14,25,52,57
51,48
12,26,57,54,7,8,18,2,5,14,47,62
12,26,57,54,7,6,19,23,14,25,52,57
51,48
11,22,54,62,7,8,18,2,5,14,47,62
11,22,54,62,7,6,19,23,14,25,52,57
51,48
15,26,49,60,7,8,18,2,5,14,47,62
15,26,49,60,7,6,19,23,14,25,52,57
51,48
16,21,53,64,7,8,18,2,5,14,47,62
16,21,53,64,7,6,19,23,14,25,52,57
51,48
5,19,42,60,7,8,18,2,5,14,47,62
5,19,42,60,7,6,19,23,14,25,52,57
51,48
15,21,59,53,7,8,18,2,5,14,47,62
15,21,59,53,7,6,19,23,14,25,52,57
51,48
11,27,54,54,7,8,18,2,5,14,47,62
11,27,54,54,7,6,19,23,14,25,52,57
51,48
12,26,58,57,7,8,18,2,5,14,47,62
12,26,58,57,7,6,19,23,14,25,52,57
51,48
12,22,45,61,7,8,18,2,5,14,47,62
12,22,45,61,7,6,19,23,14,25,52,57
51,48
1,17,54,64,7,8,18,2,5,14,47,62
1,17,54,64,7,6,19,23,14,25,52,57
51,48
18,24,48,60,7,8,18,2,5,14,47,62
18,24,48,60,7,6,19,23,14,25,52,57
51,48
1,13,49,65,7,8,18,2,5,14,47,62
1,13,49,65,7,6,19,23,14,25,52,57
51,48
16,22,45,54,7,8,18,2,5,14,47,62
16,22,45,54,7,6,19,23,14,25,52,57
51,48
3,14,41,61,7,8,18,2,5,14,47,62
3,14,41,61,7,6,19,23,14,25,52,57
51,48
6,10,48,60,7,8,18,2,5,14,47,62
6,10,48,60,7,6,19,23,14,25,52,57
51,48
14,23,49,53,7,8,18,2,5,14,47,62
14,23,49,53,7,6,19,23,14,25,52,57
51,48
16,29,49,60,7,8,18,2,5,14,47,62
16,29,49,60,7,6,19,23,14,25,52,57
51,48
19,24,47,64,7,8,18,2,5,14,47,62
19,24,47,64,7,6,19,23,14,25,52,57
51,48
18,24,47,61,7,8,18,2,5,14,47,62
18,24,47,61,7,6,19,23,14,25,52,57
51,48
15,27,52,50,7,8,18,2,5,14,47,62
15,27,52,50,7,6,19,23,14,25,52,57
51,48
19,27,45,52,7,8,18,2,5,14,47,62
19,27,45,52,7,6,19,23,14,25,52,57
51,48
9,14,51,61,7,8,18,2,5,14,47,62
9,14,51,61,7,6,19,23,14,25,52,57
51,48
16,26,51,57,7,8,18,2,5,14,47,62
16,26,51,57,7,6,19,23,14,25,52,57
51,48
15,26,57,61,7,8,18,2,5,14,47,62
15,26,57,61,7,6,19,23,14,25,52,57
51,48
6,10,54,62,7,8,18,2,5,14,47,62
6,10,54,62,7,6,19,23,14,25,52,57
51,48
6,16,51,64,7,8,18,2,5,14,47,62
6,16,51,64,7,6,19,23,14,25,52,57
51,48
8,12,51,61,7,8,18,2,5,14,47,62
8,12,51,61,7,6,19,23,14,25,52,57
51,48
5,18,44,65,7,8,18,2,5,14,47,62
5,18,44,65,7,6,19,23,14,25,52,57
51,48
13,29,45,56,7,8,18,2,5,14,47,62
13,29,45,56,7,6,19,23,14,25,52,57
51,48
13,26,57,54,7,8,18,2,5,14,47,62
13,26,57,54,7,6,19,23,14,25,52,57
51,48
7,14,48,64,7,8,18,2,5,14,47,62
7,14,48,64,7,6,19,23,14,25,52,57
51,48
16,21,52,55,7,8,18,2,5,14,47,62
16,21,52,55,7,6,19,23,14,25,52,57
51,48
4,10,44,63,7,8,18,2,5,14,47,62
4,10,44,63,7,6,19,23,14,25,52,57
51,48
15,27,50,59,7,8,18,2,5,14,47,62
15,27,50,59,7,6,19,23,14,25,52,57
51,48
15,21,58,65,7,8,18,2,5,14,47,62
15,21,58,65,7,6,19,23,14,25,52,57
51,48
11,28,46,61,7,8,18,2,5,14,47,62
11,28,46,61,7,6,19,23,14,25,52,57
51,48
11,27,47,59,7,8,18,2,5,14,47,62
11,27,47,59,7,6,19,23,14,25,52,57
51,48
7,12,43,65,7,8,18,2,5,14,47,62
7,12,43,65,7,6,19,23,14,25,52,57
51,48
5,10,46,62,7,8,18,2,5,14,47,62
5,10,46,62,7,6,19,23,14,25,52,57
51,48
14,26,56,55,7,8,18,2,5,14,47,62
14,26,56,55,7,6,19,23,14,25,52,57
51,48
17,27,45,64,7,8,18,2,5,14,47,62
17,27,45,64,7,6,19,23,14,25,52,57
51,48
4,10,44,62,7,8,18,2,5,14,47,62
4,10,44,62,7,6,19,23,14,25,52,57
51,48
15,29,48,59,7,8,18,2,5,14,47,62
15,29,48,59,7,6,19,23,14,25,52,57
51,48
15,21,57,58,7,8,18,2,5,14,47,62
15,21,57,58,7,6,19,23,14,25,52,57
51,48
13,28,59,55,7,8,18,2,5,14,47,62
13,28,59,55,7,6,19,23,14,25,52,57
51,48
15,23,46,62,7,8,18,2,5,14,47,62
15,23,46,62,7,6,19,23,14,25,52,57
51,48
8,15,40,61,7,8,18,2,5,14,47,62
8,15,40,61,7,6,19,23,14,25,52,57
51,48
2,18,45,65,7,8,18,2,5,14,47,62
2,18,45,65,7,6,19,23,14,25,52,57
51,48
17,25,54,53,7,8,18,2,5,14,47,62
17,25,54,53,7,6,19,23,14,25,52,57
51,48
18,21,52,61,7,8,18,2,5,14,47,62
18,21,52,61,7,6,19,23,14,25,52,57
51,48
17,28,59,55,7,8,18,2,5,14,47,62
17,28,59,55,7,6,19,23,14,25,52,57
51,48
5,16,40,61,7,8,18,2,5,14,47,62
5,16,40,61,7,6,19,23,14,25,52,57
51,48
2,14,45,63,7,8,18,2,5,14,47,62
2,14,45,63,7,6,19,23,14,25,52,57
51,48
14,29,54,63,7,8,18,2,5,14,47,62
14,29,54,63,7,6,19,23,14,25,52,57
51,48
1,16,40,60,7,8,18,2,5,14,47,62
1,16,40,60,7,6,19,23,14,25,52,57
51,48
3,15,46,60,7,8,18,2,5,14,47,62
3,15,46,60,7,6,19,23,14,25,52,57
51,48
5,12,52,65,7,8,18,2,5,14,47,62
5,12,52,65,7,6,19,23,14,25,52,57
51,48
13,29,58,52,7,8,18,2,5,14,47,62
13,29,58,52,7,6,19,23,14,25,52,57
51,48
15,26,51,54,7,8,18,2,5,14,47,62
15,26,51,54,7,6,19,23,14,25,52,57
51,48
11,24,46,56,7,8,18,2,5,14,47,62
11,24,46,56,7,6,19,23,14,25,52,57
51,48
7,11,40,65,7,8,18,2,5,14,47,62
7,11,40,65,7,6,19,23,14,25,52,57
51,48
17,29,47,51,7,8,18,2,5,14,47,62
17,29,47,51,7,6,19,23,14,25,52,57
51,48
16,25,52,50,7,8,18,2,5,14,47,62
16,25,52,50,7,6,19,23,14,25,52,57
51,48
4,15,52,63,7,8,18,2,5,14,47,62
4,15,52,63,7,6,19,23,14,25,52,57
51,48
17,21,52,61,7,8,18,2,5,14,47,62
17,21,52,61,7,6,19,23,14,25,52,57
51,48
1,13,45,62,7,8,18,2,5,14,47,62
1,13,45,62,7,6,19,23,14,25,52,57
51,48
8,15,53,63,7,8,18,2,5,14,47,62
8,15,53,63,7,6,19,23,14,25,52,57
51,48
19,27,57,54,7,8,18,2,5,14,47,62
19,27,57,54,7,6,19,23,14,25,52,57
51,48
15,27,52,62,7,8,18,2,5,14,47,62
15,27,52,62,7,6,19,23,14,25,52,57
51,48
1,10,50,64,7,8,18,2,5,14,47,62
1,10,50,64,7,6,19,23,14,25,52,57
51,48
12,22,48,64,7,8,18,2,5,14,47,62
12,22,48,64,7,6,19,23,14,25,52,57
51,48
1,15,41,63,7,8,18,2,5,14,47,62
1,15,41,63,7,6,19,23,14,25,52,57
51,48
11,21,49,51,7,8,18,2,5,14,47,62
11,21,49,51,7,6,19,23,14,25,52,57
51,48
11,28,56,52,7,8,18,2,5,14,47,62
11,28,56,52,7,6,19,23,14,25,52,57
51,48
4,13,41,65,7,8,18,2,5,14,47,62
4,13,41,65,7,6,19,23,14,25,52,57
51,48
16,24,54,56,7,8,18,2,5,14,47,62
16,24,54,56,7,6,19,23,14,25,52,57
51,48
8,10,48,60,7,8,18,2,5,14,47,62
8,10,48,60,7,6,19,23,14,25,52,57
51,48
16,29,46,50,7,8,18,2,5,14,47,62
16,29,46,50,7,6,19,23,14,25,52,57
51,48
4,13,52,60,7,8,18,2,5,14,47,62
4,13,52,60,7,6,19,23,14,25,52,57
51,48
1,10,43,64,7,8,18,2,5,14,47,62
1,10,43,64,7,6,19,23,14,25,52,57
51,48
13,28,48,53,7,8,18,2,5,14,47,62
13,28,48,53,7,6,19,23,14,25,52,57
51,48
15,23,58,53,7,8,18,2,5,14,47,62
15,23,58,53,7,6,19,23,14,25,52,57
51,48
15,27,48,52,7,8,18,2,5,14,47,62
15,27,48,52,7,6,19,23,14,25,52,57
51,48
8,15,45,61,7,8,18,2,5,14,47,62
8,15,45,61,7,6,19,23,14,25,52,57
51,48
4,16,48,65,7,8,18,2,5,14,47,62
4,16,48,65,7,6,19,23,14,25,52,57
51,48
19,29,55,62,7,8,18,2,5,14,47,62
19,29,55,62,7,6,19,23,14,25,52,57
51,48
9,15,54,60,7,8,18,2,5,14,47,62
9,15,54,60,7,6,19,23,14,25,52,57
51,48
5,15,50,62,7,8,18,2,5,14,47,62
5,15,50,62,7,6,19,23,14,25,52,57
51,48
19,21,53,62,7,8,18,2,5,14,47,62
19,21,53,62,7,6,19,23,14,25,52,57
51,48
4,16,50,61,7,8,18,2,5,14,47,62
4,16,50,61,7,6,19,23,14,25,52,57
51,48
11,29,55,53,7,8,18,2,5,14,47,62
11,29,55,53,7,6,19,23,14,25,52,57
51,48
4,15,47,62,7,8,18,2,5,14,47,62
4,15,47,62,7,6,19,23,14,25,52,57
51,48
1,16,53,62,7,8,18,2,5,14,47,62
1,16,53,62,7,6,19,23,14,25,52,57
51,48
16,21,46,52,7,8,18,2,5,14,47,62
16,21,46,52,7,6,19,23,14,25,52,57
51,48
14,29,52,54,7,8,18,2,5,14,47,62
14,29,52,54,7,6,19,23,14,25,52,57
51,48
8,19,44,62,7,8,18,2,5,14,47,62
8,19,44,62,7,6,19,23,14,25,52,57
51,48
14,22,57,53,7,8,18,2,5,14,47,62
14,22,57,53,7,6,19,23,14,25,52,57
51,48
15,21,50,59,7,8,18,2,5,14,47,62
15,21,50,59,7,6,19,23,14,25,52,57
51,48
14,23,56,60,7,8,18,2,5,14,47,62
14,23,56,60,7,6,19,23,14,25,52,57
51,48
12,22,45,58,7,8,18,2,5,14,47,62
12,22,45,58,7,6,19,23,14,25,52,57
51,48
19,23,46,63,7,8,18,2,5,14,47,62
19,23,46,63,7,6,19,23,14,25,52,57
51,48
2,19,51,64,7,8,18,2,5,14,47,62
2,19,51,64,7,6,19,23,14,25,52,57
51,48
4,14,48,65,7,8,18,2,5,14,47,62
4,14,48,65,7,6,19,23,14,25,52,57
51,48
9,10,40,61,7,8,18,2,5,14,47,62
9,10,40,61,7,6,19,23,14,25,52,57
51,48
11,24,46,53,7,8,18,2,5,14,47,62
11,24,46,53,7,6,19,23,14,25,52,57
51,48
11,29,52,60,7,8,18,2,5,14,47,62
11,29,52,60,7,6,19,23,14,25,52,57
51,48
3,19,53,62,7,8,18,2,5,14,47,62
3,19,53,62,7,6,19,23,14,25,52,57
51,48
1,17,41,62,7,8,18,2,5,14,47,62
1,17,41,62,7,6,19,23,14,25,52,57
51,48
2,18,52,60,7,8,18,2,5,14,47,62
2,18,52,60,7,6,19,23,14,25,52,57
51,48
13,26,53,60,7,8,18,2,5,14,47,62
13,26,53,60,7,6,19,23,14,25,52,57
51,48
11,22,58,64,7,8,18,2,5,14,47,62
11,22,58,64,7,6,19,23,14,25,52,57
51,48
16,27,51,59,7,8,18,2,5,14,47,62
16,27,51,59,7,6,19,23,14,25,52,57
51,48
7,10,54,60,7,8,18,2,5,14,47,62
7,10,54,60,7,6,19,23,14,25,52,57
51,48
16,27,53,62,7,8,18,2,5,14,47,62
16,27,53,62,7,6,19,23,14,25,52,57
51,48
15,23,52,52,7,8,18,2,5,14,47,62
15,23,52,52,7,6,19,23,14,25,52,57
51,48
2,12,49,63,7,8,18,2,5,14,47,62
2,12,49,63,7,6,19,23,14,25,52,57
51,48
15,27,58,65,7,8,18,2,5,14,47,62
15,27,58,65,7,6,19,23,14,25,52,57
51,48
3,16,49,60,7,8,18,2,5,14,47,62
3,16,49,60,7,6,19,23,14,25,52,57
51,48
2,18,49,63,7,8,18,2,5,14,47,62
2,18,49,63,7,6,19,23,14,25,52,57
51,48
18,25,55,53,7,8,18,2,5,14,47,62
18,25,55,53,7,6,19,23,14,25,52,57
51,48
8,19,41,65,7,8,18,2,5,14,47,62
8,19,41,65,7,6,19,23,14,25,52,57
51,48
15,28,47,64,7,8,18,2,5,14,47,62
15,28,47,64,7,6,19,23,14,25,52,57
51,48
18,29,55,59,7,8,18,2,5,14,47,62
18,29,55,59,7,6,19,23,14,25,52,57
51,48
18,22,52,61,7,8,18,2,5,14,47,62
18,22,52,61,7,6,19,23,14,25,52,57
51,48
5,11,41,65,7,8,18,2,5,14,47,62
5,11,41,65,7,6,19,23,14,25,52,57
51,48
8,14,52,64,7,8,18,2,5,14,47,62
8,14,52,64,7,6,19,23,14,25,52,57
51,48
17,23,53,56,7,8,18,2,5,14,47,62
17,23,53,56,7,6,19,23,14,25,52,57
51,48
2,19,41,62,7,8,18,2,5,14,47,62
2,19,41,62,7,6,19,23,14,25,52,57
51,48
2,10,44,61,7,8,18,2,5,14,47,62
2,10,44,61,7,6,19,23,14,25,52,57
51,48
7,19,52,62,7,8,18,2,5,14,47,62
7,19,52,62,7,6,19,23,14,25,52,57
51,48
3,10,46,62,7,8,18,2,5,14,47,62
3,10,46,62,7,6,19,23,14,25,52,57
51,48
1,16,43,60,7,8,18,2,5,14,47,62
1,16,43,60,7,6,19,23,14,25,52,57
51,48
17,22,45,64,7,8,18,2,5,14,47,62
17,22,45,64,7,6,19,23,14,25,52,57
51,48
4,12,44,63,7,8,18,2,5,14,47,62
4,12,44,63,7,6,19,23,14,25,52,57
51,48
18,29,58,64,7,8,18,2,5,14,47,62
18,29,58,64,7,6,19,23,14,25,52,57
51,48
4,13,52,60,7,8,18,2,5,14,47,62
4,13,52,60,7,6,19,23,14,25,52,57
51,48
17,24,45,60,7,8,18,2,5,14,47,62
17,24,45,60,7,6,19,23,14,25,52,57
51,48
19,29,51,60,7,8,18,2,5,14,47,62
19,29,51,60,7,6,19,23,14,25,52,57
51,48
1,11,46,63,7,8,18,2,5,14,47,62
1,11,46,63,7,6,19,23,14,25,52,57
51,48
4,11,50,60,7,8,18,2,5,14,47,62
4,11,50,60,7,6,19,23,14,25,52,57
51,48
15,23,55,52,7,8,18,2,5,14,47,62
15,23,55,52,7,6,19,23,14,25,52,57
51,48
13,28,53,63,7,8,18,2,5,14,47,62
13,28,53,63,7,6,19,23,14,25,52,57
51,48
2,17,51,65,7,8,18,2,5,14,47,62
2,17,51,65,7,6,19,23,14,25,52,57
51,48
14,21,46,61,7,8,18,2,5,14,47,62
14,21,46,61,7,6,19,23,14,25,52,57
51,48
7,15,44,62,7,8,18,2,5,14,47,62
7,15,44,62,7,6,19,23,14,25,52,57
51,48
3,13,40,60,7,8,18,2,5,14,47,62
3,13,40,60,7,6,19,23,14,25,52,57
51,48
16,27,50,59,7,8,18,2,5,14,47,62
16,27,50,59,7,6,19,23,14,25,52,57
51,48
3,19,45,60,7,8,18,2,5,14,47,62
3,19,45,60,7,6,19,23,14,25,52,57
51,48
1,17,54,63,7,8,18,2,5,14,47,62
1,17,54,63,7,6,19,23,14,25,52,57
51,48
12,23,46,62,7,8,18,2,5,14,47,62
12,23,46,62,7,6,19,23,14,25,52,57
51,48
7,13,52,65,7,8,18,2,5,14,47,62
7,13,52,65,7,6,19,23,14,25,52,57
51,48
4,12,48,62,7,8,18,2,5,14,47,62
4,12,48,62,7,6,19,23,14,25,52,57
51,48
13,27,58,64,7,8,18,2,5,14,47,62
13,27,58,64,7,6,19,23,14,25,52,57
51,48
17,22,46,64,7,8,18,2,5,14,47,62
17,22,46,64,7,6,19,23,14,25,52,57
51,48
2,11,44,60,7,8,18,2,5,14,47,62
2,11,44,60,7,6,19,23,14,25,52,57
51,48
9,19,48,62,7,8,18,2,5,14,47,62
9,19,48,62,7,6,19,23,14,25,52,57
51,48
9,12,44,63,7,8,18,2,5,14,47,62
9,12,44,63,7,6,19,23,14,25,52,57
51,48
1,12,40,65,7,8,18,2,5,14,47,62
1,12,40,65,7,6,19,23,14,25,52,57
51,48
15,28,54,62,7,8,18,2,5,14,47,62
15,28,54,62,7,6,19,23,14,25,52,57
51,48
4,17,50,65,7,8,18,2,5,14,47,62
4,17,50,65,7,6,19,23,14,25,52,57
51,48
14,23,53,56,7,8,18,2,5,14,47,62
14,23,53,56,7,6,19,23,14,25,52,57
51,48
4,18,41,65,7,8,18,2,5,14,47,62
4,18,41,65,7,6,19,23,14,25,52,57
51,48
9,11,53,62,7,8,18,2,5,14,47,62
9,11,53,62,7,6,19,23,14,25,52,57
51,48
1,17,40,65,7,8,18,2,5,14,47,62
1,17,40,65,7,6,19,23,14,25,52,57
51,48
12,26,56,54,7,8,18,2,5,14,47,62
12,26,56,54,7,6,19,23,14,25,52,57
51,48
11,28,54,55,7,8,18,2,5,14,47,62
11,28,54,55,7,6,19,23,14,25,52,57
51,48
17,24,54,63,7,8,18,2,5,14,47,62
17,24,54,63,7,6,19,23,14,25,52,57
51,48
6,11,50,61,7,8,18,2,5,14,47,62
6,11,50,61,7,6,19,23,14,25,52,57
51,48
12,25,45,56,7,8,18,2,5,14,47,62
12,25,45,56,7,6,19,23,14,25,52,57
51,48
1,11,51,64,7,8,18,2,5,14,47,62
1,11,51,64,7,6,19,23,14,25,52,57
51,48
7,19,48,61,7,8,18,2,5,14,47,62
7,19,48,61,7,6,19,23,14,25,52,57
51,48
2,10,43,60,7,8,18,2,5,14,47,62
2,10,43,60,7,6,19,23,14,25,52,57
51,48
2,13,43,60,7,8,18,2,5,14,47,62
2,13,43,60,7,6,19,23,14,25,52,57
51,48
14,28,56,62,7,8,18,2,5,14,47,62
14,28,56,62,7,6,19,23,14,25,52,57
51,48
19,26,45,64,7,8,18,2,5,14,47,62
19,26,45,64,7,6,19,23,14,25,52,57
51,48
11,28,52,63,7,8,18,2,5,14,47,62
11,28,52,63,7,6,19,23,14,25,52,57
51,48
11,25,58,57,7,8,18,2,5,14,47,62
11,25,58,57,7,6,19,23,14,25,52,57
51,48
12,27,58,53,7,8,18,2,5,14,47,62
12,27,58,53,7,6,19,23,14,25,52,57
51,48
6,13,44,63,7,8,18,2,5,14,47,62
6,13,44,63,7,6,19,23,14,25,52,57
51,48
3,14,41,61,7,8,18,2,5,14,47,62
3,14,41,61,7,6,19,23,14,25,52,57
51,48
6,19,47,60,7,8,18,2,5,14,47,62
6,19,47,60,7,6,19,23,14,25,52,57
51,48
16,22,47,53,7,8,18,2,5,14,47,62
16,22,47,53,7,6,19,23,14,25,52,57
51,48
12,25,45,63,7,8,18,2,5,14,47,62
12,25,45,63,7,6,19,23,14,25,52,57
51,48
3,12,44,65,7,8,18,2,5,14,47,62
3,12,44,65,7,6,19,23,14,25,52,57
51,48
11,29,58,50,7,8,18,2,5,14,47,62
11,29,58,50,7,6,19,23,14,25,52,57
51,48
19,21,52,62,7,8,18,2,5,14,47,62
19,21,52,62,7,6,19,23,14,25,52,57
51,48
8,14,40,63,7,8,18,2,5,14,47,62
8,14,40,63,7,6,19,23,14,25,52,57
51,48
18,27,57,64,7,8,18,2,5,14,47,62
18,27,57,64,7,6,19,23,14,25,52,57
51,48
8,17,50,61,7,8,18,2,5,14,47,62
8,17,50,61,7,6,19,23,14,25,52,57
51,48
3,12,40,63,7,8,18,2,5,14,47,62
3,12,40,63,7,6,19,23,14,25,52,57
51,48
13,28,58,61,7,8,18,2,5,14,47,62
13,28,58,61,7,6,19,23,14,25,52,57
51,48
1,19,45,63,7,8,18,2,5,14,47,62
1,19,45,63,7,6,19,23,14,25,52,57
51,48
4,13,49,64,7,8,18,2,5,14,47,62
4,13,49,64,7,6,19,23,14,25,52,57
51,48
13,25,52,59,7,8,18,2,5,14,47,62
13,25,52,59,7,6,19,23,14,25,52,57
51,48
18,21,52,63,7,8,18,2,5,14,47,62
18,21,52,63,7,6,19,23,14,25,52,57
51,48
4,10,41,64,7,8,18,2,5,14,47,62
4,10,41,64,7,6,19,23,14,25,52,57
51,48
3,14,41,62,7,8,18,2,5,14,47,62
3,14,41,62,7,6,19,23,14,25,52,57
51,48
9,17,49,60,7,8,18,2,5,14,47,62
9,17,49,60,7,6,19,23,14,25,52,57
51,48
14,27,47,51,7,8,18,2,5,14,47,62
14,27,47,51,7,6,19,23,14,25,52,57
51,48
5,18,43,64,7,8,18,2,5,14,47,62
5,18,43,64,7,6,19,23,14,25,52,57
51,48
17,21,55,61,7,8,18,2,5,14,47,62
17,21,55,61,7,6,19,23,14,25,52,57
51,48
11,21,46,63,7,8,18,2,5,14,47,62
11,21,46,63,7,6,19,23,14,25,52,57
51,48
19,25,54,65,7,8,18,2,5,14,47,62
19,25,54,65,7,6,19,23,14,25,52,57
51,48
15,22,52,56,7,8,18,2,5,14,47,62
15,22,52,56,7,6,19,23,14,25,52,57
51,48
1,11,40,64,7,8,18,2,5,14,47,62
1,11,40,64,7,6,19,23,14,25,52,57
51,48
18,27,48,52,7,8,18,2,5,14,47,62
18,27,48,52,7,6,19,23,14,25,52,57
51,48
19,26,57,52,7,8,18,2,5,14,47,62
19,26,57,52,7,6,19,23,14,25,52,57
51,48
17,25,59,52,7,8,18,2,5,14,47,62
17,25,59,52,7,6,19,23,14,25,52,57
51,48
3,17,52,63,7,8,18,2,5,14,47,62
3,17,52,63,7,6,19,23,14,25,52,57
51,48
11,22,51,63,7,8,18,2,5,14,47,62
11,22,51,63,7,6,19,23,14,25,52,57
51,48
12,29,50,65,7,8,18,2,5,14,47,62
12,29,50,65,7,6,19,23,14,25,52,57
51,48
13,28,58,50,7,8,18,2,5,14,47,62
13,28,58,50,7,6,19,23,14,25,52,57
51,48
8,13,45,62,7,8,18,2,5,14,47,62
8,13,45,62,7,6,19,23,14,25,52,57
51,48
2,14,41,64,7,8,18,2,5,14,47,62
2,14,41,64,7,6,19,23,14,25,52,57
51,48
12,23,58,50,7,8,18,2,5,14,47,62
12,23,58,50,7,6,19,23,14,25,52,57
51,48
6,15,49,63,7,8,18,2,5,14,47,62
6,15,49,63,7,6,19,23,14,25,52,57
51,48
6,19,52,60,7,8,18,2,5,14,47,62
6,19,52,60,7,6,19,23,14,25,52,57
51,48
14,25,59,64,7,8,18,2,5,14,47,62
14,25,59,64,7,6,19,23,14,25,52,57
51,48
1,13,46,61,7,8,18,2,5,14,47,62
1,13,46,61,7,6,19,23,14,25,52,57
51,48
9,12,43,64,7,8,18,2,5,14,47,62
9,12,43,64,7,6,19,23,14,25,52,57
51,48
12,24,50,58,7,8,18,2,5,14,47,62
12,24,50,58,7,6,19,23,14,25,52,57
51,48
19,25,59,50,7,8,18,2,5,14,47,62
19,25,59,50,7,6,19,23,14,25,52,57
51,48
15,25,53,53,7,8,18,2,5,14,47,62
15,25,53,53,7,6,19,23,14,25,52,57
51,48
6,14,52,64,7,8,18,2,5,14,47,62
6,14,52,64,7,6,19,23,14,25,52,57
51,48
4,14,49,62,7,8,18,2,5,14,47,62
4,14,49,62,7,6,19,23,14,25,52,57
51,48